[METADATA]
NUM_REGIOES=10
NUM_CLIENTES=48
NUM_VEICULOS=20
NUM_OFERTAS=24
NUM_ITENS=24

[TIPOS_ITENS]
0;chapa
1;tira
2;perfil
3;tubo

[REGIOES]
0
1
2
3
4
5
6
7
8
9

[CLIENTES]
0;2,14,15,18,23
1;6,7,10,13,17,19,20
2;0,1,5,6,10,15,19,20
3;5,9,10,13,15,17
4;5,9,12,15,17,20,22
5;0,6,12,13,20
6;2,4,6,7,11,20
7;0,4,9,12,17,20
8;2,15,23
9;0,4,5,13,18,19,21
10;0,4,7,9,17,19,20
11;2,3,5,8,13,14,18,20
12;7,10,11,14,15,17,18
13;5,6,9,12,14,15,20
14;0,5,6,8,21
15;0,2,11,20
16;0,1,14,17,19,20,23
17;4,5,11,13,15,18,20,22,23
18;2,6,12,13,14,18,19,21
19;5,8,10,13,19
20;0,2,4,5,10,15,19
21;5,9,18,19,20,21,23
22;0,18,19
23;5,6,11,15,19,20,22
24;10,13,15,17,18,20
25;7,9,10,13,14
26;1,5,6,9,13,17,18,21
27;11,14,17,18,19,23
28;3,4,5,11,13,18,19
29;9,10,11,13,15
30;0,9,11,14,15,19
31;15,18,20,22
32;3,4,5,6,9,10,15,20
33;0,3,15,17,18,19,21
34;1,3,8,19,20
35;4,5,6,9,17,20
36;4,5,9,11,15,19,20,22
37;0,5,11,15,20,21
38;0,5,6,9,14,19
39;5,10,12,13,14,20,23
40;5,6,9,12,20
41;6,9,10,15,17,20
42;2,6,11,13,19
43;1,5,9,13,18,19,20,23
44;5,9,12,14,15
45;14,15,17,18,20,22,23
46;2,4,6,9,15,18,22
47;4,6,13,16,18,20

[VEICULOS]
0;33000;70;2550;16500.0
1;45000;85;1750;22500.0
2;33000;50;2250;16500.0
3;33000;70;2700;16500.0
4;74000;100;3400;37000.0
5;33000;70;2250;16500.0
6;45000;85;1900;22500.0
7;57000;90;2850;28500.0
8;33000;50;1650;16500.0
9;23000;40;1300;11500.0
10;33000;50;1350;16500.0
11;74000;100;3550;37000.0
12;74000;100;3250;37000.0
13;41000;75;2450;20500.0
14;57000;90;1650;28500.0
15;41000;75;2450;20500.0
16;57000;90;3000;28500.0
17;57000;90;1800;28500.0
18;45000;85;3100;22500.0
19;23000;40;1750;11500.0

[OFERTAS]
0;3;2819;4.0;4.19
1;2;2397;3.0;4.52
2;2;3125;5.0;5.97
3;0;2109;9.0;4.19
4;1;3319;5.0;7.04
5;3;1888;8.0;3.15
6;1;1741;5.0;3.37
7;2;3583;3.0;7.14
8;0;2273;10.0;2.9
9;3;2912;5.0;3.95
10;0;2872;8.0;4.23
11;0;1898;5.0;2.94
12;1;3561;6.0;6.62
13;0;2175;8.0;3.27
14;2;1791;5.0;3.11
15;0;2209;10.0;3.72
16;2;2759;4.0;3.94
17;0;3767;7.0;5.58
18;3;2779;8.0;2.94
19;0;2653;10.0;3.2
20;3;3081;8.0;7.41
21;2;2699;3.0;3.26
22;0;2101;10.0;3.89
23;1;2390;3.0;4.83

[ITENS]
0;0;3;2819;4.0;4.19
1;1;2;2397;3.0;4.52
2;2;2;3125;5.0;5.97
3;3;0;2109;9.0;4.19
4;4;1;3319;5.0;7.04
5;5;3;1888;8.0;3.15
6;6;1;1741;5.0;3.37
7;7;2;3583;3.0;7.14
8;8;0;2273;10.0;2.9
9;9;3;2912;5.0;3.95
10;10;0;2872;8.0;4.23
11;11;0;1898;5.0;2.94
12;12;1;3561;6.0;6.62
13;13;0;2175;8.0;3.27
14;14;2;1791;5.0;3.11
15;15;0;2209;10.0;3.72
16;16;2;2759;4.0;3.94
17;17;0;3767;7.0;5.58
18;18;3;2779;8.0;2.94
19;19;0;2653;10.0;3.2
20;20;3;3081;8.0;7.41
21;21;2;2699;3.0;3.26
22;22;0;2101;10.0;3.89
23;23;1;2390;3.0;4.83

[PHI]
0;14;2,5,7,9,10,14,15,16,20,22,30,33,37,38
1;5;2,16,26,34,43
2;9;0,6,8,11,15,18,20,42,46
3;5;11,28,32,33,34
4;12;6,7,9,10,17,20,28,32,35,36,46,47
5;23;2,3,4,9,11,13,14,17,19,20,21,23,26,28,32,35,36,37,38,39,40,43,44
6;17;1,2,5,6,13,14,18,23,26,32,35,38,40,41,42,46,47
7;5;1,6,10,12,25
8;4;11,14,19,34
9;19;3,4,7,10,13,21,25,26,29,30,32,35,36,38,40,41,43,44,46
10;12;1,2,3,12,19,20,24,25,29,32,39,41
11;12;6,12,15,17,23,27,28,29,30,36,37,42
12;8;4,5,7,13,18,39,40,44
13;17;1,3,5,9,11,17,18,19,24,25,26,28,29,39,42,43,47
14;13;0,11,12,13,16,18,25,27,30,38,39,44,45
15;22;0,2,3,4,8,12,13,17,20,23,24,29,30,31,32,33,36,37,41,44,45,46
16;1;47
17;14;1,3,4,7,10,12,16,24,26,27,33,35,41,45
18;18;0,9,11,12,17,18,21,22,24,26,27,28,31,33,43,45,46,47
19;20;1,2,9,10,16,18,19,20,21,22,23,27,28,30,33,34,36,38,42,43
20;27;1,2,4,5,6,7,10,11,13,15,16,17,21,23,24,31,32,34,35,36,37,39,40,41,43,45,47
21;7;9,14,18,21,26,33,37
22;7;4,17,23,31,36,45,46
23;9;0,8,16,17,21,27,39,43,45

[PSI]
0;14;1,2,6,7,8,9,10,13,14,15,16,17,18,19
1;20;0,1,2,3,4,5,6,7,8,9,10,11,12,13,14,15,16,17,18,19
2;20;0,1,2,3,4,5,6,7,8,9,10,11,12,13,14,15,16,17,18,19
3;13;0,1,3,4,5,6,7,11,12,14,16,17,18
4;15;0,1,2,3,5,6,7,8,10,13,14,15,16,17,18
5;14;1,2,6,7,8,9,10,13,14,15,16,17,18,19
6;15;0,1,2,3,5,6,7,8,10,13,14,15,16,17,18
7;20;0,1,2,3,4,5,6,7,8,9,10,11,12,13,14,15,16,17,18,19
8;13;0,1,3,4,5,6,7,11,12,14,16,17,18
9;14;1,2,6,7,8,9,10,13,14,15,16,17,18,19
10;13;0,1,3,4,5,6,7,11,12,14,16,17,18
11;13;0,1,3,4,5,6,7,11,12,14,16,17,18
12;15;0,1,2,3,5,6,7,8,10,13,14,15,16,17,18
13;13;0,1,3,4,5,6,7,11,12,14,16,17,18
14;20;0,1,2,3,4,5,6,7,8,9,10,11,12,13,14,15,16,17,18,19
15;13;0,1,3,4,5,6,7,11,12,14,16,17,18
16;20;0,1,2,3,4,5,6,7,8,9,10,11,12,13,14,15,16,17,18,19
17;13;0,1,3,4,5,6,7,11,12,14,16,17,18
18;14;1,2,6,7,8,9,10,13,14,15,16,17,18,19
19;13;0,1,3,4,5,6,7,11,12,14,16,17,18
20;14;1,2,6,7,8,9,10,13,14,15,16,17,18,19
21;20;0,1,2,3,4,5,6,7,8,9,10,11,12,13,14,15,16,17,18,19
22;13;0,1,3,4,5,6,7,11,12,14,16,17,18
23;15;0,1,2,3,5,6,7,8,10,13,14,15,16,17,18

[GAMMA]
0;40;0,1,2,3,4,5,6,7,8,9,10,15,16,17,18,19,20,21,22,23,24,25,26,27,28,29,30,31,32,33,38,39,40,41,42,43,44,45,46,47
1;6;5,6,7,8,9,10
2;34;0,1,2,3,4,5,6,7,8,9,10,21,22,23,24,25,26,27,28,29,30,31,32,33,34,35,36,37,42,43,44,45,46,47
3;42;0,1,2,3,4,11,12,13,14,15,16,17,18,19,20,21,22,23,24,25,26,27,28,29,30,31,32,33,34,35,36,37,38,39,40,41,42,43,44,45,46,47
4;39;5,6,7,8,9,10,15,16,17,18,19,20,21,22,23,24,25,26,27,28,29,30,31,32,33,34,35,36,37,38,39,40,41,42,43,44,45,46,47
5;29;0,1,2,3,4,11,12,13,14,15,16,17,18,19,20,21,22,23,24,25,26,30,31,32,33,34,35,36,37
6;8;11,12,13,14,38,39,40,41
7;44;0,1,2,3,4,5,6,7,8,9,10,11,12,13,14,15,16,17,18,19,20,21,22,23,24,25,26,27,28,29,34,35,36,37,38,39,40,41,42,43,44,45,46,47
8;11;11,12,13,14,27,28,29,38,39,40,41
9;10;34,35,36,37,42,43,44,45,46,47
10;4;34,35,36,37
11;42;0,1,2,3,4,5,6,7,8,9,10,11,12,13,14,15,16,17,18,19,20,21,22,23,24,25,26,27,28,29,30,31,32,33,34,35,36,37,38,39,40,41
12;34;0,1,2,3,4,5,6,7,8,9,10,21,22,23,24,25,26,27,28,29,34,35,36,37,38,39,40,41,42,43,44,45,46,47
13;25;0,1,2,3,4,5,6,7,8,9,10,21,22,23,24,25,26,30,31,32,33,38,39,40,41
14;3;27,28,29
15;23;21,22,23,24,25,26,27,28,29,30,31,32,33,34,35,36,37,42,43,44,45,46,47
16;48;0,1,2,3,4,5,6,7,8,9,10,11,12,13,14,15,16,17,18,19,20,21,22,23,24,25,26,27,28,29,30,31,32,33,34,35,36,37,38,39,40,41,42,43,44,45,46,47
17;10;15,16,17,18,19,20,34,35,36,37
18;48;0,1,2,3,4,5,6,7,8,9,10,11,12,13,14,15,16,17,18,19,20,21,22,23,24,25,26,27,28,29,30,31,32,33,34,35,36,37,38,39,40,41,42,43,44,45,46,47
19;25;0,1,2,3,4,21,22,23,24,25,26,30,31,32,33,38,39,40,41,42,43,44,45,46,47

[OMEGA]
0;19;1,2,3,4,6,7,8,10,11,12,13,14,15,16,17,19,21,22,23
1;24;0,1,2,3,4,5,6,7,8,9,10,11,12,13,14,15,16,17,18,19,20,21,22,23
2;15;0,1,2,4,5,6,7,9,12,14,16,18,20,21,23
3;19;1,2,3,4,6,7,8,10,11,12,13,14,15,16,17,19,21,22,23
4;15;1,2,3,7,8,10,11,13,14,15,16,17,19,21,22
5;19;1,2,3,4,6,7,8,10,11,12,13,14,15,16,17,19,21,22,23
6;24;0,1,2,3,4,5,6,7,8,9,10,11,12,13,14,15,16,17,18,19,20,21,22,23
7;24;0,1,2,3,4,5,6,7,8,9,10,11,12,13,14,15,16,17,18,19,20,21,22,23
8;15;0,1,2,4,5,6,7,9,12,14,16,18,20,21,23
9;11;0,1,2,5,7,9,14,16,18,20,21
10;15;0,1,2,4,5,6,7,9,12,14,16,18,20,21,23
11;15;1,2,3,7,8,10,11,13,14,15,16,17,19,21,22
12;15;1,2,3,7,8,10,11,13,14,15,16,17,19,21,22
13;15;0,1,2,4,5,6,7,9,12,14,16,18,20,21,23
14;24;0,1,2,3,4,5,6,7,8,9,10,11,12,13,14,15,16,17,18,19,20,21,22,23
15;15;0,1,2,4,5,6,7,9,12,14,16,18,20,21,23
16;24;0,1,2,3,4,5,6,7,8,9,10,11,12,13,14,15,16,17,18,19,20,21,22,23
17;24;0,1,2,3,4,5,6,7,8,9,10,11,12,13,14,15,16,17,18,19,20,21,22,23
18;24;0,1,2,3,4,5,6,7,8,9,10,11,12,13,14,15,16,17,18,19,20,21,22,23
19;11;0,1,2,5,7,9,14,16,18,20,21
