[METADATA]
NUM_REGIOES=10
NUM_CLIENTES=48
NUM_VEICULOS=30
NUM_OFERTAS=24
NUM_ITENS=24

[TIPOS_ITENS]
0;chapa
1;tira
2;perfil
3;tubo

[REGIOES]
0
1
2
3
4
5
6
7
8
9

[CLIENTES]
0;3,6,7,8,11,12,13,16,17
1;5,6,9,12,16,17,21
2;3,4,6,9,11,12,15,17,19,23
3;0,8,9,11,13,18
4;1,3,4,5,6,8,11,12,13,17,19,21,22
5;0,3,6,13,18,19,21
6;3,5,6,7,18,19,21
7;4,6,7,12,19
8;3,8,9,11,12,19,21,22
9;1,4,5,6,9,11,12,19,21,23
10;5,6,7,8,11,12,19,21
11;6,7,9,11,12,13,17,19
12;3,6,9,11,18
13;3,6,11,17,19,21
14;6,7,10,11,12,19,21,23
15;6,12,14,17,19,21,22,23
16;3,4,6,7,13,17,20,21,22
17;1,6,7,13,14,17,19,21,22
18;3,5,6,9,12,14,19,20,23
19;4,6,7,8,13,16,17,21
20;3,6,9,11,15,19
21;3,4,6,9,12,13,16,17,21
22;3,5,6,7,8,18,22
23;3,4,7,8,12,17,18,19,21,22
24;5,6,9,11,12,13,19,20,22
25;0,1,3,6,8,9,12,17,23
26;3,6,11,12,14,15,16,17,19,22
27;2,8,12,13,14,16,21,22,23
28;1,3,5,6,8,9,12,17,19
29;6,7,8,9,11,12,13,17,18,19,21
30;0,5,8,9,11,17,21,23
31;0,2,3,7,22
32;1,3,6,7,9,12,17,20
33;0,2,3,6,9,11,12,17,20,21
34;1,3,6,8,12,14,19,21,22,23
35;1,2,3,6,7,19,21,22
36;0,6,9,10,11,12,13,14,17,19,21,23
37;0,2,6,7,9,19,21
38;0,2,6,12,16,17,22
39;3,8,10,12,13,14,17,21,22,23
40;3,5,6,7,11,17,19,21,22
41;0,6,9,12,15,19,21,22
42;0,3,6,10,12,21
43;0,3,4,5,6,7,8,17,18,19,20,22
44;2,3,8,9,15,17,20,23
45;3,6,7,8,12,13,19
46;0,3,5,9,11,19,20,22
47;1,4,6,13,18,19,21,22

[VEICULOS]
0;33000;70;2550;16500.0
1;45000;85;1750;22500.0
2;33000;50;2250;16500.0
3;33000;70;2700;16500.0
4;74000;100;3400;37000.0
5;33000;70;2250;16500.0
6;45000;85;1900;22500.0
7;57000;90;2850;28500.0
8;33000;50;1650;16500.0
9;23000;40;1300;11500.0
10;33000;50;1350;16500.0
11;74000;100;3550;37000.0
12;74000;100;3250;37000.0
13;41000;75;2450;20500.0
14;57000;90;1650;28500.0
15;41000;75;2450;20500.0
16;57000;90;3000;28500.0
17;57000;90;1800;28500.0
18;45000;85;3100;22500.0
19;23000;40;1750;11500.0
20;33000;50;1800;16500.0
21;41000;75;1850;20500.0
22;74000;100;3700;37000.0
23;57000;90;2250;28500.0
24;23000;40;1900;11500.0
25;33000;70;1800;16500.0
26;41000;75;2300;20500.0
27;57000;90;1650;28500.0
28;57000;80;2550;28500.0
29;57000;90;1650;28500.0

[OFERTAS]
0;1;2433;6.0;3.46
1;3;3293;5.0;6.21
2;1;2871;3.0;3.93
3;3;3019;5.0;6.68
4;2;3490;4.0;6.85
5;2;2785;4.0;4.27
6;1;3110;6.0;7.17
7;1;3109;5.0;5.01
8;3;3681;8.0;6.99
9;2;3441;4.0;5.07
10;3;2410;6.0;3.66
11;0;2807;10.0;4.6
12;0;2124;9.0;3.81
13;3;2515;6.0;4.91
14;1;2781;5.0;3.85
15;3;2293;8.0;2.83
16;1;3483;4.0;5.68
17;2;2310;3.0;3.13
18;1;3103;3.0;6.02
19;0;3356;6.0;6.11
20;1;3411;6.0;5.7
21;2;3636;4.0;6.64
22;0;1686;9.0;3.39
23;0;2411;5.0;3.35

[ITENS]
0;0;1;2433;6.0;3.46
1;1;3;3293;5.0;6.21
2;2;1;2871;3.0;3.93
3;3;3;3019;5.0;6.68
4;4;2;3490;4.0;6.85
5;5;2;2785;4.0;4.27
6;6;1;3110;6.0;7.17
7;7;1;3109;5.0;5.01
8;8;3;3681;8.0;6.99
9;9;2;3441;4.0;5.07
10;10;3;2410;6.0;3.66
11;11;0;2807;10.0;4.6
12;12;0;2124;9.0;3.81
13;13;3;2515;6.0;4.91
14;14;1;2781;5.0;3.85
15;15;3;2293;8.0;2.83
16;16;1;3483;4.0;5.68
17;17;2;2310;3.0;3.13
18;18;1;3103;3.0;6.02
19;19;0;3356;6.0;6.11
20;20;1;3411;6.0;5.7
21;21;2;3636;4.0;6.64
22;22;0;1686;9.0;3.39
23;23;0;2411;5.0;3.35

[PHI]
0;13;3,5,25,30,31,33,36,37,38,41,42,43,46
1;9;4,9,17,25,28,32,34,35,47
2;7;27,31,33,35,37,38,44
3;29;0,2,4,5,6,8,12,13,16,18,20,21,22,23,25,26,28,31,32,33,34,35,39,40,42,43,44,45,46
4;10;2,4,7,9,16,19,21,23,43,47
5;13;1,4,6,9,10,18,22,24,28,30,40,43,46
6;39;0,1,2,4,5,6,7,9,10,11,12,13,14,15,16,17,18,19,20,21,22,24,25,26,28,29,32,33,34,35,36,37,38,40,41,42,43,45,47
7;19;0,6,7,10,11,14,16,17,19,22,23,29,31,32,35,37,40,43,45
8;18;0,3,4,8,10,19,22,23,25,27,28,29,30,34,39,43,44,45
9;22;1,2,3,8,9,11,12,18,20,21,24,25,28,29,30,32,33,36,37,41,44,46
10;4;14,36,39,42
11;20;0,2,3,4,8,9,10,11,12,13,14,20,24,26,29,30,33,36,40,46
12;29;0,1,2,4,7,8,9,10,11,14,15,18,21,23,24,25,26,27,28,29,32,33,34,36,38,39,41,42,45
13;16;0,3,4,5,11,16,17,19,21,24,27,29,36,39,45,47
14;8;15,17,18,26,27,34,36,39
15;5;2,20,26,41,44
16;7;0,1,19,21,26,27,38
17;25;0,1,2,4,11,13,15,16,17,19,21,23,25,26,28,29,30,32,33,36,38,39,40,43,44
18;9;3,5,6,12,22,23,29,43,47
19;30;2,4,5,6,7,8,9,10,11,13,14,15,17,18,20,23,24,26,28,29,34,35,36,37,40,41,43,45,46,47
20;8;16,18,24,32,33,43,44,46
21;28;1,4,5,6,8,9,10,13,14,15,16,17,19,21,23,27,29,30,33,34,35,36,37,39,40,41,42,47
22;20;4,8,15,16,17,22,23,24,26,27,31,34,35,38,39,40,41,43,46,47
23;12;2,9,14,15,18,25,27,30,34,36,39,44

[PSI]
0;22;0,1,2,3,5,6,7,8,10,13,14,15,16,17,18,20,21,23,25,26,27,29
1;21;1,2,6,7,8,9,10,13,14,15,16,17,18,19,20,21,23,24,26,27,29
2;22;0,1,2,3,5,6,7,8,10,13,14,15,16,17,18,20,21,23,25,26,27,29
3;21;1,2,6,7,8,9,10,13,14,15,16,17,18,19,20,21,23,24,26,27,29
4;30;0,1,2,3,4,5,6,7,8,9,10,11,12,13,14,15,16,17,18,19,20,21,22,23,24,25,26,27,28,29
5;30;0,1,2,3,4,5,6,7,8,9,10,11,12,13,14,15,16,17,18,19,20,21,22,23,24,25,26,27,28,29
6;22;0,1,2,3,5,6,7,8,10,13,14,15,16,17,18,20,21,23,25,26,27,29
7;22;0,1,2,3,5,6,7,8,10,13,14,15,16,17,18,20,21,23,25,26,27,29
8;21;1,2,6,7,8,9,10,13,14,15,16,17,18,19,20,21,23,24,26,27,29
9;30;0,1,2,3,4,5,6,7,8,9,10,11,12,13,14,15,16,17,18,19,20,21,22,23,24,25,26,27,28,29
10;21;1,2,6,7,8,9,10,13,14,15,16,17,18,19,20,21,23,24,26,27,29
11;19;0,1,3,4,5,6,7,11,12,14,16,17,18,22,23,25,27,28,29
12;19;0,1,3,4,5,6,7,11,12,14,16,17,18,22,23,25,27,28,29
13;21;1,2,6,7,8,9,10,13,14,15,16,17,18,19,20,21,23,24,26,27,29
14;22;0,1,2,3,5,6,7,8,10,13,14,15,16,17,18,20,21,23,25,26,27,29
15;21;1,2,6,7,8,9,10,13,14,15,16,17,18,19,20,21,23,24,26,27,29
16;22;0,1,2,3,5,6,7,8,10,13,14,15,16,17,18,20,21,23,25,26,27,29
17;30;0,1,2,3,4,5,6,7,8,9,10,11,12,13,14,15,16,17,18,19,20,21,22,23,24,25,26,27,28,29
18;22;0,1,2,3,5,6,7,8,10,13,14,15,16,17,18,20,21,23,25,26,27,29
19;19;0,1,3,4,5,6,7,11,12,14,16,17,18,22,23,25,27,28,29
20;22;0,1,2,3,5,6,7,8,10,13,14,15,16,17,18,20,21,23,25,26,27,29
21;30;0,1,2,3,4,5,6,7,8,9,10,11,12,13,14,15,16,17,18,19,20,21,22,23,24,25,26,27,28,29
22;19;0,1,3,4,5,6,7,11,12,14,16,17,18,22,23,25,27,28,29
23;19;0,1,3,4,5,6,7,11,12,14,16,17,18,22,23,25,27,28,29

[GAMMA]
0;40;0,1,2,3,4,5,6,7,8,9,10,15,16,17,18,19,20,21,22,23,24,25,26,27,28,29,30,31,32,33,38,39,40,41,42,43,44,45,46,47
1;6;5,6,7,8,9,10
2;34;0,1,2,3,4,5,6,7,8,9,10,21,22,23,24,25,26,27,28,29,30,31,32,33,34,35,36,37,42,43,44,45,46,47
3;42;0,1,2,3,4,11,12,13,14,15,16,17,18,19,20,21,22,23,24,25,26,27,28,29,30,31,32,33,34,35,36,37,38,39,40,41,42,43,44,45,46,47
4;39;5,6,7,8,9,10,15,16,17,18,19,20,21,22,23,24,25,26,27,28,29,30,31,32,33,34,35,36,37,38,39,40,41,42,43,44,45,46,47
5;29;0,1,2,3,4,11,12,13,14,15,16,17,18,19,20,21,22,23,24,25,26,30,31,32,33,34,35,36,37
6;8;11,12,13,14,38,39,40,41
7;44;0,1,2,3,4,5,6,7,8,9,10,11,12,13,14,15,16,17,18,19,20,21,22,23,24,25,26,27,28,29,34,35,36,37,38,39,40,41,42,43,44,45,46,47
8;11;11,12,13,14,27,28,29,38,39,40,41
9;10;34,35,36,37,42,43,44,45,46,47
10;4;34,35,36,37
11;42;0,1,2,3,4,5,6,7,8,9,10,11,12,13,14,15,16,17,18,19,20,21,22,23,24,25,26,27,28,29,30,31,32,33,34,35,36,37,38,39,40,41
12;34;0,1,2,3,4,5,6,7,8,9,10,21,22,23,24,25,26,27,28,29,34,35,36,37,38,39,40,41,42,43,44,45,46,47
13;25;0,1,2,3,4,5,6,7,8,9,10,21,22,23,24,25,26,30,31,32,33,38,39,40,41
14;3;27,28,29
15;23;21,22,23,24,25,26,27,28,29,30,31,32,33,34,35,36,37,42,43,44,45,46,47
16;48;0,1,2,3,4,5,6,7,8,9,10,11,12,13,14,15,16,17,18,19,20,21,22,23,24,25,26,27,28,29,30,31,32,33,34,35,36,37,38,39,40,41,42,43,44,45,46,47
17;10;15,16,17,18,19,20,34,35,36,37
18;48;0,1,2,3,4,5,6,7,8,9,10,11,12,13,14,15,16,17,18,19,20,21,22,23,24,25,26,27,28,29,30,31,32,33,34,35,36,37,38,39,40,41,42,43,44,45,46,47
19;25;0,1,2,3,4,21,22,23,24,25,26,30,31,32,33,38,39,40,41,42,43,44,45,46,47
20;18;0,1,2,3,4,21,22,23,24,25,26,27,28,29,34,35,36,37
21;3;27,28,29
22;48;0,1,2,3,4,5,6,7,8,9,10,11,12,13,14,15,16,17,18,19,20,21,22,23,24,25,26,27,28,29,30,31,32,33,34,35,36,37,38,39,40,41,42,43,44,45,46,47
23;25;5,6,7,8,9,10,15,16,17,18,19,20,27,28,29,38,39,40,41,42,43,44,45,46,47
24;27;5,6,7,8,9,10,11,12,13,14,21,22,23,24,25,26,27,28,29,30,31,32,33,38,39,40,41
25;16;15,16,17,18,19,20,34,35,36,37,42,43,44,45,46,47
26;18;5,6,7,8,9,10,11,12,13,14,30,31,32,33,34,35,36,37
27;5;0,1,2,3,4
28;21;5,6,7,8,9,10,11,12,13,14,27,28,29,30,31,32,33,38,39,40,41
29;6;5,6,7,8,9,10

[OMEGA]
0;18;0,2,4,5,6,7,9,11,12,14,16,17,18,19,20,21,22,23
1;24;0,1,2,3,4,5,6,7,8,9,10,11,12,13,14,15,16,17,18,19,20,21,22,23
2;19;0,1,2,3,4,5,6,7,8,9,10,13,14,15,16,17,18,20,21
3;18;0,2,4,5,6,7,9,11,12,14,16,17,18,19,20,21,22,23
4;10;4,5,9,11,12,17,19,21,22,23
5;18;0,2,4,5,6,7,9,11,12,14,16,17,18,19,20,21,22,23
6;24;0,1,2,3,4,5,6,7,8,9,10,11,12,13,14,15,16,17,18,19,20,21,22,23
7;24;0,1,2,3,4,5,6,7,8,9,10,11,12,13,14,15,16,17,18,19,20,21,22,23
8;19;0,1,2,3,4,5,6,7,8,9,10,13,14,15,16,17,18,20,21
9;11;1,3,4,5,8,9,10,13,15,17,21
10;19;0,1,2,3,4,5,6,7,8,9,10,13,14,15,16,17,18,20,21
11;10;4,5,9,11,12,17,19,21,22,23
12;10;4,5,9,11,12,17,19,21,22,23
13;19;0,1,2,3,4,5,6,7,8,9,10,13,14,15,16,17,18,20,21
14;24;0,1,2,3,4,5,6,7,8,9,10,11,12,13,14,15,16,17,18,19,20,21,22,23
15;19;0,1,2,3,4,5,6,7,8,9,10,13,14,15,16,17,18,20,21
16;24;0,1,2,3,4,5,6,7,8,9,10,11,12,13,14,15,16,17,18,19,20,21,22,23
17;24;0,1,2,3,4,5,6,7,8,9,10,11,12,13,14,15,16,17,18,19,20,21,22,23
18;24;0,1,2,3,4,5,6,7,8,9,10,11,12,13,14,15,16,17,18,19,20,21,22,23
19;11;1,3,4,5,8,9,10,13,15,17,21
20;19;0,1,2,3,4,5,6,7,8,9,10,13,14,15,16,17,18,20,21
21;19;0,1,2,3,4,5,6,7,8,9,10,13,14,15,16,17,18,20,21
22;10;4,5,9,11,12,17,19,21,22,23
23;24;0,1,2,3,4,5,6,7,8,9,10,11,12,13,14,15,16,17,18,19,20,21,22,23
24;11;1,3,4,5,8,9,10,13,15,17,21
25;18;0,2,4,5,6,7,9,11,12,14,16,17,18,19,20,21,22,23
26;19;0,1,2,3,4,5,6,7,8,9,10,13,14,15,16,17,18,20,21
27;24;0,1,2,3,4,5,6,7,8,9,10,11,12,13,14,15,16,17,18,19,20,21,22,23
28;10;4,5,9,11,12,17,19,21,22,23
29;24;0,1,2,3,4,5,6,7,8,9,10,11,12,13,14,15,16,17,18,19,20,21,22,23
