[METADATA]
NUM_REGIOES=10
NUM_CLIENTES=48
NUM_VEICULOS=20
NUM_OFERTAS=24
NUM_ITENS=24

[TIPOS_ITENS]
0;chapa
1;tira
2;perfil
3;tubo

[REGIOES]
0
1
2
3
4
5
6
7
8
9

[CLIENTES]
0;0,2,5,8,11,20
1;0,1,9,14,17,19,20,22,23
2;4,5,10,11,13,16,18,20,22
3;2,6,8,12,15,18,19,21
4;0,2,4,5,6,10,13,15,17,20,21
5;0,5,9,17,19,21,23
6;5,6,13,14,19,20,21
7;5,10,13,14,15,17,18,20
8;1,5,9,10,13,19
9;5,11,13,14,17,19,20,23
10;3,4,5,10,11,13,18,19
11;0,9,10,11,13,14,15,17,19,20
12;5,6,9,15,20,21,22
13;3,4,5,15,18,20,21
14;0,1,3,8,17,19,20,22
15;0,3,4,5,6,9,15,17,19,20
16;0,4,5,9,10,11,15,17,20,21
17;0,5,6,10,12,14,17,19,20,23
18;4,5,6,9,10,15,17,18,19,20
19;1,3,5,6,11,13,19,20
20;4,5,9,11,13,20,23
21;6,10,12,14,15,18,20,23
22;0,4,6,9,20,22
23;0,4,6,7,8,15,16,18,19,20
24;3,4,5,7,10,14,19,20,23
25;4,5,9,11,12,15,16,17,19,20
26;1,3,4,5,9,11,13,17,18,19,20
27;2,5,7,9,11,14,15,19,20,22
28;1,2,10,15,18,19,20,21
29;2,4,5,8,9,11,13,14,15,20,22
30;0,1,6,9,10,15,18,23
31;0,3,6,20,22
32;2,11,12,15,16,17,19,22
33;0,4,5,6,10,11,14,15,17,18,20,23
34;0,6,10,12,16,17,19
35;8,9,10,11,13,14,17,20
36;0,1,3,5,9,10,12,18,20,21,23
37;0,2,5,11,12,15
38;0,2,6,10,12,18,20
39;0,4,5,9,15,18,20,23
40;0,5,9,15,17,19,20,23
41;0,4,5,9,16,18,20,22
42;5,11,12,13,15,21,23
43;0,2,5,9,10,11,15,19,20,21
44;0,1,5,6,18,21
45;0,4,13,17,19,20,22,23
46;5,12,13,14,17,18,19,20
47;3,4,5,6,17,20,21,23

[VEICULOS]
0;33000;70;2550;16500.0
1;45000;85;1750;22500.0
2;33000;50;2250;16500.0
3;33000;70;2700;16500.0
4;74000;100;3400;37000.0
5;33000;70;2250;16500.0
6;45000;85;1900;22500.0
7;57000;90;2850;28500.0
8;33000;50;1650;16500.0
9;23000;40;1300;11500.0
10;33000;50;1350;16500.0
11;74000;100;3550;37000.0
12;74000;100;3250;37000.0
13;41000;75;2450;20500.0
14;57000;90;1650;28500.0
15;41000;75;2450;20500.0
16;57000;90;3000;28500.0
17;57000;90;1800;28500.0
18;45000;85;3100;22500.0
19;23000;40;1750;11500.0

[OFERTAS]
0;3;2819;4.0;4.19
1;2;2397;3.0;4.52
2;2;3125;5.0;5.97
3;0;2109;9.0;4.19
4;1;3319;5.0;7.04
5;3;1888;8.0;3.15
6;1;1741;5.0;3.37
7;2;3583;3.0;7.14
8;0;2273;10.0;2.9
9;3;2912;5.0;3.95
10;0;2872;8.0;4.23
11;0;1898;5.0;2.94
12;1;3561;6.0;6.62
13;0;2175;8.0;3.27
14;2;1791;5.0;3.11
15;0;2209;10.0;3.72
16;2;2759;4.0;3.94
17;0;3767;7.0;5.58
18;3;2779;8.0;2.94
19;0;2653;10.0;3.2
20;3;3081;8.0;7.41
21;2;2699;3.0;3.26
22;0;2101;10.0;3.89
23;1;2390;3.0;4.83

[ITENS]
0;0;3;2819;4.0;4.19
1;1;2;2397;3.0;4.52
2;2;2;3125;5.0;5.97
3;3;0;2109;9.0;4.19
4;4;1;3319;5.0;7.04
5;5;3;1888;8.0;3.15
6;6;1;1741;5.0;3.37
7;7;2;3583;3.0;7.14
8;8;0;2273;10.0;2.9
9;9;3;2912;5.0;3.95
10;10;0;2872;8.0;4.23
11;11;0;1898;5.0;2.94
12;12;1;3561;6.0;6.62
13;13;0;2175;8.0;3.27
14;14;2;1791;5.0;3.11
15;15;0;2209;10.0;3.72
16;16;2;2759;4.0;3.94
17;17;0;3767;7.0;5.58
18;18;3;2779;8.0;2.94
19;19;0;2653;10.0;3.2
20;20;3;3081;8.0;7.41
21;21;2;2699;3.0;3.26
22;22;0;2101;10.0;3.89
23;23;1;2390;3.0;4.83

[PHI]
0;24;0,1,4,5,11,14,15,16,17,22,23,30,31,33,34,36,37,38,39,40,41,43,44,45
1;9;1,8,14,19,26,28,30,36,44
2;10;0,3,4,27,28,29,32,37,38,43
3;10;10,13,14,15,19,24,26,31,36,47
4;19;2,4,10,13,15,16,18,20,22,23,24,25,26,29,33,39,41,45,47
5;33;0,2,4,5,6,7,8,9,10,12,13,15,16,17,18,19,20,24,25,26,27,29,33,36,37,39,40,41,42,43,44,46,47
6;18;3,4,6,12,15,17,18,19,21,22,23,30,31,33,34,38,44,47
7;3;23,24,27
8;6;0,3,14,23,29,35
9;21;1,5,8,11,12,15,16,18,20,22,25,26,27,29,30,35,36,39,40,41,43
10;19;2,4,7,8,10,11,16,17,18,21,24,28,30,33,34,35,36,38,43
11;18;0,2,9,10,11,16,19,20,25,26,27,29,32,33,35,37,42,43
12;11;3,17,21,25,32,34,36,37,38,42,46
13;16;2,4,6,7,8,9,10,11,19,20,26,29,35,42,45,46
14;13;1,6,7,9,11,17,21,24,27,29,33,35,46
15;23;3,4,7,11,12,13,15,16,18,21,23,25,27,28,29,30,32,33,37,39,40,42,43
16;6;2,23,25,32,34,41
17;21;1,4,5,7,9,11,14,15,16,17,18,25,26,32,33,34,35,40,45,46,47
18;18;2,3,7,10,13,18,21,23,26,28,30,33,36,38,39,41,44,46
19;25;1,3,5,6,8,9,10,11,14,15,17,18,19,23,24,25,26,27,28,32,34,40,43,45,46
20;38;0,1,2,4,6,7,9,11,12,13,14,15,16,17,18,19,20,21,22,23,24,25,26,27,28,29,31,33,35,36,38,39,40,41,43,45,46,47
21;13;3,4,5,6,12,13,16,28,36,42,43,44,47
22;11;1,2,12,14,22,27,29,31,32,41,45
23;15;1,5,9,17,20,21,24,30,33,36,39,40,42,45,47

[PSI]
0;14;1,2,6,7,8,9,10,13,14,15,16,17,18,19
1;20;0,1,2,3,4,5,6,7,8,9,10,11,12,13,14,15,16,17,18,19
2;20;0,1,2,3,4,5,6,7,8,9,10,11,12,13,14,15,16,17,18,19
3;13;0,1,3,4,5,6,7,11,12,14,16,17,18
4;15;0,1,2,3,5,6,7,8,10,13,14,15,16,17,18
5;14;1,2,6,7,8,9,10,13,14,15,16,17,18,19
6;15;0,1,2,3,5,6,7,8,10,13,14,15,16,17,18
7;20;0,1,2,3,4,5,6,7,8,9,10,11,12,13,14,15,16,17,18,19
8;13;0,1,3,4,5,6,7,11,12,14,16,17,18
9;14;1,2,6,7,8,9,10,13,14,15,16,17,18,19
10;13;0,1,3,4,5,6,7,11,12,14,16,17,18
11;13;0,1,3,4,5,6,7,11,12,14,16,17,18
12;15;0,1,2,3,5,6,7,8,10,13,14,15,16,17,18
13;13;0,1,3,4,5,6,7,11,12,14,16,17,18
14;20;0,1,2,3,4,5,6,7,8,9,10,11,12,13,14,15,16,17,18,19
15;13;0,1,3,4,5,6,7,11,12,14,16,17,18
16;20;0,1,2,3,4,5,6,7,8,9,10,11,12,13,14,15,16,17,18,19
17;13;0,1,3,4,5,6,7,11,12,14,16,17,18
18;14;1,2,6,7,8,9,10,13,14,15,16,17,18,19
19;13;0,1,3,4,5,6,7,11,12,14,16,17,18
20;14;1,2,6,7,8,9,10,13,14,15,16,17,18,19
21;20;0,1,2,3,4,5,6,7,8,9,10,11,12,13,14,15,16,17,18,19
22;13;0,1,3,4,5,6,7,11,12,14,16,17,18
23;15;0,1,2,3,5,6,7,8,10,13,14,15,16,17,18

[GAMMA]
0;40;0,1,2,3,4,5,6,7,8,9,10,15,16,17,18,19,20,21,22,23,24,25,26,27,28,29,30,31,32,33,38,39,40,41,42,43,44,45,46,47
1;6;5,6,7,8,9,10
2;34;0,1,2,3,4,5,6,7,8,9,10,21,22,23,24,25,26,27,28,29,30,31,32,33,34,35,36,37,42,43,44,45,46,47
3;42;0,1,2,3,4,11,12,13,14,15,16,17,18,19,20,21,22,23,24,25,26,27,28,29,30,31,32,33,34,35,36,37,38,39,40,41,42,43,44,45,46,47
4;39;5,6,7,8,9,10,15,16,17,18,19,20,21,22,23,24,25,26,27,28,29,30,31,32,33,34,35,36,37,38,39,40,41,42,43,44,45,46,47
5;29;0,1,2,3,4,11,12,13,14,15,16,17,18,19,20,21,22,23,24,25,26,30,31,32,33,34,35,36,37
6;8;11,12,13,14,38,39,40,41
7;44;0,1,2,3,4,5,6,7,8,9,10,11,12,13,14,15,16,17,18,19,20,21,22,23,24,25,26,27,28,29,34,35,36,37,38,39,40,41,42,43,44,45,46,47
8;11;11,12,13,14,27,28,29,38,39,40,41
9;10;34,35,36,37,42,43,44,45,46,47
10;4;34,35,36,37
11;42;0,1,2,3,4,5,6,7,8,9,10,11,12,13,14,15,16,17,18,19,20,21,22,23,24,25,26,27,28,29,30,31,32,33,34,35,36,37,38,39,40,41
12;34;0,1,2,3,4,5,6,7,8,9,10,21,22,23,24,25,26,27,28,29,34,35,36,37,38,39,40,41,42,43,44,45,46,47
13;25;0,1,2,3,4,5,6,7,8,9,10,21,22,23,24,25,26,30,31,32,33,38,39,40,41
14;3;27,28,29
15;23;21,22,23,24,25,26,27,28,29,30,31,32,33,34,35,36,37,42,43,44,45,46,47
16;48;0,1,2,3,4,5,6,7,8,9,10,11,12,13,14,15,16,17,18,19,20,21,22,23,24,25,26,27,28,29,30,31,32,33,34,35,36,37,38,39,40,41,42,43,44,45,46,47
17;10;15,16,17,18,19,20,34,35,36,37
18;48;0,1,2,3,4,5,6,7,8,9,10,11,12,13,14,15,16,17,18,19,20,21,22,23,24,25,26,27,28,29,30,31,32,33,34,35,36,37,38,39,40,41,42,43,44,45,46,47
19;25;0,1,2,3,4,21,22,23,24,25,26,30,31,32,33,38,39,40,41,42,43,44,45,46,47

[OMEGA]
0;19;1,2,3,4,6,7,8,10,11,12,13,14,15,16,17,19,21,22,23
1;24;0,1,2,3,4,5,6,7,8,9,10,11,12,13,14,15,16,17,18,19,20,21,22,23
2;15;0,1,2,4,5,6,7,9,12,14,16,18,20,21,23
3;19;1,2,3,4,6,7,8,10,11,12,13,14,15,16,17,19,21,22,23
4;15;1,2,3,7,8,10,11,13,14,15,16,17,19,21,22
5;19;1,2,3,4,6,7,8,10,11,12,13,14,15,16,17,19,21,22,23
6;24;0,1,2,3,4,5,6,7,8,9,10,11,12,13,14,15,16,17,18,19,20,21,22,23
7;24;0,1,2,3,4,5,6,7,8,9,10,11,12,13,14,15,16,17,18,19,20,21,22,23
8;15;0,1,2,4,5,6,7,9,12,14,16,18,20,21,23
9;11;0,1,2,5,7,9,14,16,18,20,21
10;15;0,1,2,4,5,6,7,9,12,14,16,18,20,21,23
11;15;1,2,3,7,8,10,11,13,14,15,16,17,19,21,22
12;15;1,2,3,7,8,10,11,13,14,15,16,17,19,21,22
13;15;0,1,2,4,5,6,7,9,12,14,16,18,20,21,23
14;24;0,1,2,3,4,5,6,7,8,9,10,11,12,13,14,15,16,17,18,19,20,21,22,23
15;15;0,1,2,4,5,6,7,9,12,14,16,18,20,21,23
16;24;0,1,2,3,4,5,6,7,8,9,10,11,12,13,14,15,16,17,18,19,20,21,22,23
17;24;0,1,2,3,4,5,6,7,8,9,10,11,12,13,14,15,16,17,18,19,20,21,22,23
18;24;0,1,2,3,4,5,6,7,8,9,10,11,12,13,14,15,16,17,18,19,20,21,22,23
19;11;0,1,2,5,7,9,14,16,18,20,21
