[METADATA]
NUM_REGIOES=20
NUM_CLIENTES=193
NUM_VEICULOS=20
NUM_OFERTAS=97
NUM_ITENS=97

[TIPOS_ITENS]
0;chapa
1;tira
2;perfil
3;tubo

[REGIOES]
0
1
2
3
4
5
6
7
8
9
10
11
12
13
14
15
16
17
18
19

[CLIENTES]
0;8,12,21,28,37,47
1;3,73,84,94
2;84,89,94
3;76
4;33,42
5;33,73
6;22,72,75,84
7;45,55
8;7,16,17,22,53
9;2,43,51
10;32,78,89
11;94
12;0,20,29,44,59
13;17,24,55,65
14;34,42,58
15;16,95
16;39,45,68
17;65,73,94
18;76,93
19;73,76,89
20;16
21;2,7,46,57
22;23,36,77,92
23;6,52,87
24;7,81
25;22,33,38,95
26;3,70,81
27;67
28;93
29;11,88
30;58,60
31;32,59,91,93
32;61,77
33;46,59
34;55,59,66
35;3,46,77
36;17,42,73
37;58,64
38;46
39;59
40;34,45
41;42,75,85
42;3,17
43;2,65
44;34,48,53
45;7
46;24,40
47;22,41,82
48;18,40,82,93
49;61,74
50;50,53,57,76
51;2,39,59
52;59,77
53;65
54;30,38,96
55;39
56;45
57;24,81
58;77
59;40,59,63
60;39,40,50
61;6,42
62;7
63;40,58
64;57,67
65;7,65
66;33,40
67;0,84
68;40,58,59
69;24,43,87
70;16,34,43,67
71;43,58,93
72;27,38
73;38,39,52,59
74;43,72,77
75;55,84
76;3,53
77;11,24,96
78;4,24,63
79;7,20
80;7,57
81;40,69
82;1,46,68
83;33,94
84;27,57
85;36,51,52
86;11,13,15
87;17,74,92
88;16,20,73
89;24,27,94
90;1,39,66,95
91;25,81,84
92;10,76
93;59,78,89
94;81,92
95;36,57,67
96;17
97;33,59
98;7,31,76,84,96
99;9,64,76
100;42,86,88,90
101;32,33,39,84
102;34,64
103;59,62
104;39,54,55
105;54,58
106;1,42
107;17,58
108;49,63,76
109;53,83,93
110;80,89
111;9,16
112;26,51
113;39,46
114;51,55,73,75,81
115;42,88
116;6
117;65,93
118;39
119;17,22,46
120;51,60,67
121;52,90
122;7,57,73
123;40,81,95
124;11,51,78,84
125;20
126;32
127;20,42,77,89
128;7,80
129;39
130;51
131;0,10,63
132;50,58,77
133;19,39,63
134;55,76,89
135;27,32
136;73
137;67,83
138;16,76,79
139;16,42
140;24,45,52,85
141;19,33
142;23,24,27,63
143;4,14,63
144;30,58,67
145;42,43,73
146;1,36
147;35,59,81
148;30,77,89
149;40,58,63
150;39
151;36,60
152;42,81
153;6,63,67
154;30,58
155;24,44,68
156;4,20,39,46,96
157;34,57
158;7,63,93
159;18,76
160;40,42,81
161;0,32,95
162;10,39,46
163;2,74,94
164;7,25,67,76
165;27,77
166;17,50,59,84
167;5,10
168;24,36
169;24,36,39,50
170;30,81
171;85,93
172;17,39,57,77
173;40,49
174;53,61,67
175;14,52,73
176;23,81
177;2,33
178;16
179;24,57,90,93
180;57
181;33,46
182;14,59
183;33,81,88,93
184;11,24,46,50,67,71
185;7,11,77
186;58,91
187;85
188;30,83
189;0,1,59
190;20,23,39,56
191;46,61,76
192;18,32,42

[VEICULOS]
0;23000;40;2800;11500.0
1;74000;100;3550;37000.0
2;33000;70;1650;16500.0
3;41000;75;3950;20500.0
4;74000;100;3550;37000.0
5;33000;50;1350;16500.0
6;33000;70;3300;16500.0
7;41000;75;4700;20500.0
8;57000;90;4500;28500.0
9;33000;50;1500;16500.0
10;33000;50;4200;16500.0
11;33000;50;2250;16500.0
12;57000;90;4500;28500.0
13;41000;75;2300;20500.0
14;74000;110;2900;37000.0
15;45000;85;2500;22500.0
16;33000;50;2400;16500.0
17;33000;50;3900;16500.0
18;74000;110;4550;37000.0
19;33000;50;2400;16500.0

[OFERTAS]
0;3;2669;4.0;3.1
1;2;3332;3.0;6.65
2;1;4244;5.0;8.59
3;0;2908;7.0;3.12
4;2;2512;2.0;2.73
5;3;2179;7.0;4.64
6;1;2365;5.0;3.66
7;3;3517;7.0;6.54
8;3;2751;7.0;3.85
9;1;3279;5.0;5.18
10;2;2990;4.0;4.5
11;0;3398;7.0;6.61
12;0;3062;8.0;7.05
13;0;3545;5.0;5.49
14;0;2457;7.0;4.05
15;3;2672;8.0;3.3
16;3;1883;7.0;3.74
17;3;2172;8.0;4.07
18;1;3064;4.0;6.37
19;1;2694;6.0;4.52
20;1;2492;6.0;3.95
21;1;2366;4.0;4.65
22;2;2146;4.0;3.44
23;1;3303;4.0;7.07
24;0;3024;7.0;6.69
25;3;2662;6.0;4.08
26;0;3536;10.0;5.53
27;1;4250;3.0;9.47
28;3;4019;7.0;9.92
29;3;3033;4.0;6.55
30;0;1742;10.0;3.49
31;3;2481;4.0;2.7
32;0;3492;6.0;7.2
33;0;2916;9.0;4.97
34;3;2635;7.0;3.44
35;3;4052;4.0;9.77
36;0;2348;9.0;3.93
37;1;1705;5.0;2.79
38;2;1977;4.0;3.5
39;2;3283;3.0;7.17
40;3;1422;8.0;2.61
41;1;3169;5.0;5.18
42;1;2258;5.0;4.99
43;0;2073;5.0;4.75
44;1;2137;3.0;3.34
45;1;2585;4.0;3.66
46;3;2191;6.0;3.15
47;0;1813;6.0;3.84
48;1;1689;3.0;2.83
49;3;3225;7.0;7.37
50;0;2849;7.0;2.91
51;3;3476;8.0;7.03
52;2;3710;5.0;5.98
53;2;2275;4.0;4.6
54;0;2903;9.0;3.84
55;0;2410;9.0;3.89
56;2;2299;3.0;3.1
57;2;3699;4.0;7.39
58;3;2985;5.0;2.62
59;0;3096;8.0;6.68
60;3;2387;8.0;4.54
61;3;3374;6.0;7.19
62;1;923;5.0;2.07
63;0;2291;5.0;3.03
64;1;2787;5.0;4.09
65;0;2918;7.0;4.76
66;3;3356;6.0;5.74
67;2;2677;3.0;4.87
68;1;3072;3.0;5.17
69;3;3160;5.0;6.23
70;0;1476;7.0;3.84
71;1;3390;3.0;5.38
72;1;3142;6.0;6.03
73;0;2111;6.0;4.17
74;3;3181;5.0;5.86
75;3;2379;4.0;2.72
76;2;3300;3.0;5.32
77;0;2549;9.0;2.6
78;2;2835;3.0;2.89
79;2;4131;5.0;8.19
80;2;2874;5.0;3.84
81;3;2774;5.0;4.05
82;1;2572;3.0;2.87
83;0;2839;8.0;4.74
84;0;1931;9.0;2.76
85;1;1588;4.0;2.55
86;0;2802;7.0;3.08
87;2;2137;5.0;4.2
88;2;4551;4.0;9.34
89;1;2313;3.0;3.58
90;2;3248;3.0;6.52
91;0;2547;8.0;4.97
92;2;2605;2.0;4.63
93;3;1155;8.0;2.93
94;0;2871;5.0;4.79
95;3;3385;4.0;5.64
96;0;3146;7.0;6.34

[ITENS]
0;0;3;2669;4.0;3.1
1;1;2;3332;3.0;6.65
2;2;1;4244;5.0;8.59
3;3;0;2908;7.0;3.12
4;4;2;2512;2.0;2.73
5;5;3;2179;7.0;4.64
6;6;1;2365;5.0;3.66
7;7;3;3517;7.0;6.54
8;8;3;2751;7.0;3.85
9;9;1;3279;5.0;5.18
10;10;2;2990;4.0;4.5
11;11;0;3398;7.0;6.61
12;12;0;3062;8.0;7.05
13;13;0;3545;5.0;5.49
14;14;0;2457;7.0;4.05
15;15;3;2672;8.0;3.3
16;16;3;1883;7.0;3.74
17;17;3;2172;8.0;4.07
18;18;1;3064;4.0;6.37
19;19;1;2694;6.0;4.52
20;20;1;2492;6.0;3.95
21;21;1;2366;4.0;4.65
22;22;2;2146;4.0;3.44
23;23;1;3303;4.0;7.07
24;24;0;3024;7.0;6.69
25;25;3;2662;6.0;4.08
26;26;0;3536;10.0;5.53
27;27;1;4250;3.0;9.47
28;28;3;4019;7.0;9.92
29;29;3;3033;4.0;6.55
30;30;0;1742;10.0;3.49
31;31;3;2481;4.0;2.7
32;32;0;3492;6.0;7.2
33;33;0;2916;9.0;4.97
34;34;3;2635;7.0;3.44
35;35;3;4052;4.0;9.77
36;36;0;2348;9.0;3.93
37;37;1;1705;5.0;2.79
38;38;2;1977;4.0;3.5
39;39;2;3283;3.0;7.17
40;40;3;1422;8.0;2.61
41;41;1;3169;5.0;5.18
42;42;1;2258;5.0;4.99
43;43;0;2073;5.0;4.75
44;44;1;2137;3.0;3.34
45;45;1;2585;4.0;3.66
46;46;3;2191;6.0;3.15
47;47;0;1813;6.0;3.84
48;48;1;1689;3.0;2.83
49;49;3;3225;7.0;7.37
50;50;0;2849;7.0;2.91
51;51;3;3476;8.0;7.03
52;52;2;3710;5.0;5.98
53;53;2;2275;4.0;4.6
54;54;0;2903;9.0;3.84
55;55;0;2410;9.0;3.89
56;56;2;2299;3.0;3.1
57;57;2;3699;4.0;7.39
58;58;3;2985;5.0;2.62
59;59;0;3096;8.0;6.68
60;60;3;2387;8.0;4.54
61;61;3;3374;6.0;7.19
62;62;1;923;5.0;2.07
63;63;0;2291;5.0;3.03
64;64;1;2787;5.0;4.09
65;65;0;2918;7.0;4.76
66;66;3;3356;6.0;5.74
67;67;2;2677;3.0;4.87
68;68;1;3072;3.0;5.17
69;69;3;3160;5.0;6.23
70;70;0;1476;7.0;3.84
71;71;1;3390;3.0;5.38
72;72;1;3142;6.0;6.03
73;73;0;2111;6.0;4.17
74;74;3;3181;5.0;5.86
75;75;3;2379;4.0;2.72
76;76;2;3300;3.0;5.32
77;77;0;2549;9.0;2.6
78;78;2;2835;3.0;2.89
79;79;2;4131;5.0;8.19
80;80;2;2874;5.0;3.84
81;81;3;2774;5.0;4.05
82;82;1;2572;3.0;2.87
83;83;0;2839;8.0;4.74
84;84;0;1931;9.0;2.76
85;85;1;1588;4.0;2.55
86;86;0;2802;7.0;3.08
87;87;2;2137;5.0;4.2
88;88;2;4551;4.0;9.34
89;89;1;2313;3.0;3.58
90;90;2;3248;3.0;6.52
91;91;0;2547;8.0;4.97
92;92;2;2605;2.0;4.63
93;93;3;1155;8.0;2.93
94;94;0;2871;5.0;4.79
95;95;3;3385;4.0;5.64
96;96;0;3146;7.0;6.34

[PHI]
0;5;12,67,131,161,189
1;5;82,90,106,146,189
2;6;9,21,43,51,163,177
3;5;1,26,35,42,76
4;3;78,143,156
5;1;167
6;4;23,61,116,153
7;14;8,21,24,45,62,65,79,80,98,122,128,158,164,185
8;1;0
9;2;99,111
10;4;92,131,162,167
11;6;29,77,86,124,184,185
12;1;0
13;1;86
14;3;143,175,182
15;1;86
16;9;8,15,20,70,88,111,138,139,178
17;10;8,13,36,42,87,96,107,119,166,172
18;3;48,159,192
19;2;133,141
20;7;12,79,88,125,127,156,190
21;1;0
22;5;6,8,25,47,119
23;4;22,142,176,190
24;14;13,46,57,69,77,78,89,140,142,155,168,169,179,184
25;2;91,164
26;1;112
27;6;72,84,89,135,142,165
28;1;0
29;1;12
30;6;54,144,148,154,170,188
31;1;98
32;7;10,31,101,126,135,161,192
33;11;4,5,25,66,83,97,101,141,177,181,183
34;6;14,40,44,70,102,157
35;1;147
36;7;22,85,95,146,151,168,169
37;1;0
38;4;25,54,72,73
39;18;16,51,55,60,73,90,101,104,113,118,129,133,150,156,162,169,172,190
40;12;46,48,59,60,63,66,68,81,123,149,160,173
41;1;47
42;14;4,14,36,41,61,100,106,115,127,139,145,152,160,192
43;6;9,69,70,71,74,145
44;2;12,155
45;5;7,16,40,56,140
46;12;21,33,35,38,82,113,119,156,162,181,184,191
47;1;0
48;1;44
49;2;108,173
50;6;50,60,132,166,169,184
51;7;9,85,112,114,120,124,130
52;6;23,73,85,121,140,175
53;6;8,44,50,76,109,174
54;2;104,105
55;7;7,13,34,75,104,114,134
56;1;190
57;11;21,50,64,80,84,95,122,157,172,179,180
58;13;14,30,37,63,68,71,105,107,132,144,149,154,186
59;17;12,31,33,34,39,51,52,59,68,73,93,97,103,147,166,182,189
60;3;30,120,151
61;4;32,49,174,191
62;1;103
63;10;59,78,108,131,133,142,143,149,153,158
64;3;37,99,102
65;6;13,17,43,53,65,117
66;2;34,90
67;11;27,64,70,95,120,137,144,153,164,174,184
68;3;16,82,155
69;1;81
70;1;26
71;1;184
72;2;6,74
73;11;1,5,17,19,36,88,114,122,136,145,175
74;3;49,87,163
75;3;6,41,114
76;13;3,18,19,50,92,98,99,108,134,138,159,164,191
77;12;22,32,35,52,58,74,127,132,148,165,172,185
78;3;10,93,124
79;1;138
80;2;110,128
81;13;24,26,57,91,94,114,123,147,152,160,170,176,183
82;2;47,48
83;3;109,137,188
84;10;1,2,6,67,75,91,98,101,124,166
85;4;41,140,171,187
86;1;100
87;2;23,69
88;4;29,100,115,183
89;8;2,10,19,93,110,127,134,148
90;3;100,121,179
91;2;31,186
92;3;22,87,94
93;11;18,28,31,48,71,109,117,158,171,179,183
94;7;1,2,11,17,83,89,163
95;5;15,25,90,123,161
96;4;54,77,98,156

[PSI]
0;16;0,3,5,7,8,9,10,11,12,13,14,15,16,17,18,19
1;20;0,1,2,3,4,5,6,7,8,9,10,11,12,13,14,15,16,17,18,19
2;17;2,3,5,6,7,8,9,10,11,12,13,14,15,16,17,18,19
3;9;1,2,4,6,8,12,14,15,18
4;20;0,1,2,3,4,5,6,7,8,9,10,11,12,13,14,15,16,17,18,19
5;16;0,3,5,7,8,9,10,11,12,13,14,15,16,17,18,19
6;17;2,3,5,6,7,8,9,10,11,12,13,14,15,16,17,18,19
7;16;0,3,5,7,8,9,10,11,12,13,14,15,16,17,18,19
8;16;0,3,5,7,8,9,10,11,12,13,14,15,16,17,18,19
9;17;2,3,5,6,7,8,9,10,11,12,13,14,15,16,17,18,19
10;20;0,1,2,3,4,5,6,7,8,9,10,11,12,13,14,15,16,17,18,19
11;9;1,2,4,6,8,12,14,15,18
12;9;1,2,4,6,8,12,14,15,18
13;9;1,2,4,6,8,12,14,15,18
14;9;1,2,4,6,8,12,14,15,18
15;16;0,3,5,7,8,9,10,11,12,13,14,15,16,17,18,19
16;16;0,3,5,7,8,9,10,11,12,13,14,15,16,17,18,19
17;16;0,3,5,7,8,9,10,11,12,13,14,15,16,17,18,19
18;17;2,3,5,6,7,8,9,10,11,12,13,14,15,16,17,18,19
19;17;2,3,5,6,7,8,9,10,11,12,13,14,15,16,17,18,19
20;17;2,3,5,6,7,8,9,10,11,12,13,14,15,16,17,18,19
21;17;2,3,5,6,7,8,9,10,11,12,13,14,15,16,17,18,19
22;20;0,1,2,3,4,5,6,7,8,9,10,11,12,13,14,15,16,17,18,19
23;17;2,3,5,6,7,8,9,10,11,12,13,14,15,16,17,18,19
24;9;1,2,4,6,8,12,14,15,18
25;16;0,3,5,7,8,9,10,11,12,13,14,15,16,17,18,19
26;9;1,2,4,6,8,12,14,15,18
27;17;2,3,5,6,7,8,9,10,11,12,13,14,15,16,17,18,19
28;16;0,3,5,7,8,9,10,11,12,13,14,15,16,17,18,19
29;16;0,3,5,7,8,9,10,11,12,13,14,15,16,17,18,19
30;9;1,2,4,6,8,12,14,15,18
31;16;0,3,5,7,8,9,10,11,12,13,14,15,16,17,18,19
32;9;1,2,4,6,8,12,14,15,18
33;9;1,2,4,6,8,12,14,15,18
34;16;0,3,5,7,8,9,10,11,12,13,14,15,16,17,18,19
35;16;0,3,5,7,8,9,10,11,12,13,14,15,16,17,18,19
36;9;1,2,4,6,8,12,14,15,18
37;17;2,3,5,6,7,8,9,10,11,12,13,14,15,16,17,18,19
38;20;0,1,2,3,4,5,6,7,8,9,10,11,12,13,14,15,16,17,18,19
39;20;0,1,2,3,4,5,6,7,8,9,10,11,12,13,14,15,16,17,18,19
40;16;0,3,5,7,8,9,10,11,12,13,14,15,16,17,18,19
41;17;2,3,5,6,7,8,9,10,11,12,13,14,15,16,17,18,19
42;17;2,3,5,6,7,8,9,10,11,12,13,14,15,16,17,18,19
43;9;1,2,4,6,8,12,14,15,18
44;17;2,3,5,6,7,8,9,10,11,12,13,14,15,16,17,18,19
45;17;2,3,5,6,7,8,9,10,11,12,13,14,15,16,17,18,19
46;16;0,3,5,7,8,9,10,11,12,13,14,15,16,17,18,19
47;9;1,2,4,6,8,12,14,15,18
48;17;2,3,5,6,7,8,9,10,11,12,13,14,15,16,17,18,19
49;16;0,3,5,7,8,9,10,11,12,13,14,15,16,17,18,19
50;9;1,2,4,6,8,12,14,15,18
51;16;0,3,5,7,8,9,10,11,12,13,14,15,16,17,18,19
52;20;0,1,2,3,4,5,6,7,8,9,10,11,12,13,14,15,16,17,18,19
53;20;0,1,2,3,4,5,6,7,8,9,10,11,12,13,14,15,16,17,18,19
54;9;1,2,4,6,8,12,14,15,18
55;9;1,2,4,6,8,12,14,15,18
56;20;0,1,2,3,4,5,6,7,8,9,10,11,12,13,14,15,16,17,18,19
57;20;0,1,2,3,4,5,6,7,8,9,10,11,12,13,14,15,16,17,18,19
58;16;0,3,5,7,8,9,10,11,12,13,14,15,16,17,18,19
59;9;1,2,4,6,8,12,14,15,18
60;16;0,3,5,7,8,9,10,11,12,13,14,15,16,17,18,19
61;16;0,3,5,7,8,9,10,11,12,13,14,15,16,17,18,19
62;17;2,3,5,6,7,8,9,10,11,12,13,14,15,16,17,18,19
63;9;1,2,4,6,8,12,14,15,18
64;17;2,3,5,6,7,8,9,10,11,12,13,14,15,16,17,18,19
65;9;1,2,4,6,8,12,14,15,18
66;16;0,3,5,7,8,9,10,11,12,13,14,15,16,17,18,19
67;20;0,1,2,3,4,5,6,7,8,9,10,11,12,13,14,15,16,17,18,19
68;17;2,3,5,6,7,8,9,10,11,12,13,14,15,16,17,18,19
69;16;0,3,5,7,8,9,10,11,12,13,14,15,16,17,18,19
70;9;1,2,4,6,8,12,14,15,18
71;17;2,3,5,6,7,8,9,10,11,12,13,14,15,16,17,18,19
72;17;2,3,5,6,7,8,9,10,11,12,13,14,15,16,17,18,19
73;9;1,2,4,6,8,12,14,15,18
74;16;0,3,5,7,8,9,10,11,12,13,14,15,16,17,18,19
75;16;0,3,5,7,8,9,10,11,12,13,14,15,16,17,18,19
76;20;0,1,2,3,4,5,6,7,8,9,10,11,12,13,14,15,16,17,18,19
77;9;1,2,4,6,8,12,14,15,18
78;20;0,1,2,3,4,5,6,7,8,9,10,11,12,13,14,15,16,17,18,19
79;20;0,1,2,3,4,5,6,7,8,9,10,11,12,13,14,15,16,17,18,19
80;20;0,1,2,3,4,5,6,7,8,9,10,11,12,13,14,15,16,17,18,19
81;16;0,3,5,7,8,9,10,11,12,13,14,15,16,17,18,19
82;17;2,3,5,6,7,8,9,10,11,12,13,14,15,16,17,18,19
83;9;1,2,4,6,8,12,14,15,18
84;9;1,2,4,6,8,12,14,15,18
85;17;2,3,5,6,7,8,9,10,11,12,13,14,15,16,17,18,19
86;9;1,2,4,6,8,12,14,15,18
87;20;0,1,2,3,4,5,6,7,8,9,10,11,12,13,14,15,16,17,18,19
88;20;0,1,2,3,4,5,6,7,8,9,10,11,12,13,14,15,16,17,18,19
89;17;2,3,5,6,7,8,9,10,11,12,13,14,15,16,17,18,19
90;20;0,1,2,3,4,5,6,7,8,9,10,11,12,13,14,15,16,17,18,19
91;9;1,2,4,6,8,12,14,15,18
92;20;0,1,2,3,4,5,6,7,8,9,10,11,12,13,14,15,16,17,18,19
93;16;0,3,5,7,8,9,10,11,12,13,14,15,16,17,18,19
94;9;1,2,4,6,8,12,14,15,18
95;16;0,3,5,7,8,9,10,11,12,13,14,15,16,17,18,19
96;9;1,2,4,6,8,12,14,15,18

[GAMMA]
0;122;17,18,19,20,21,22,23,24,25,26,27,28,29,30,31,32,33,34,35,36,37,38,39,40,41,42,43,44,45,46,47,48,49,60,61,62,63,64,65,66,67,68,69,70,71,72,73,74,75,76,77,78,79,80,81,82,83,84,85,86,87,88,103,104,105,106,107,108,109,110,111,112,113,114,115,116,136,137,138,139,140,141,142,143,144,145,146,147,148,149,150,151,152,153,154,155,156,157,158,159,160,161,162,163,164,171,172,173,174,175,176,177,178,179,180,181,182,183,184,185,186,187
1;84;0,1,2,3,4,5,6,7,8,9,17,18,19,20,21,22,23,24,25,26,27,28,29,30,50,51,52,53,54,55,56,57,58,59,73,74,75,76,77,78,103,104,105,106,107,108,109,110,111,112,113,114,115,116,117,118,119,120,121,122,123,124,125,126,127,128,129,130,131,132,133,134,135,165,166,167,168,169,170,188,189,190,191,192
2;24;0,1,2,3,4,5,6,7,8,9,17,18,19,20,21,22,23,24,25,26,27,28,29,30
3;146;10,11,12,13,14,15,16,17,18,19,20,21,22,23,24,25,26,27,28,29,30,31,32,33,34,35,36,37,38,39,40,41,42,43,44,45,46,47,48,49,50,51,52,53,54,55,56,57,58,59,89,90,91,92,93,94,95,96,97,98,99,100,101,102,103,104,105,106,107,108,109,110,111,112,113,114,115,116,117,118,119,120,121,122,123,124,125,126,127,136,137,138,139,140,141,142,143,144,145,146,147,148,149,150,151,152,153,154,155,156,157,158,159,160,161,162,163,164,165,166,167,168,169,170,171,172,173,174,175,176,177,178,179,180,181,182,183,184,185,186,187,188,189,190,191,192
4;93;31,32,33,34,35,36,37,38,39,40,41,50,51,52,53,54,55,56,57,58,59,89,90,91,92,93,94,95,96,97,98,99,100,101,102,103,104,105,106,107,108,109,110,111,112,113,114,115,116,128,129,130,131,132,133,134,135,143,144,145,146,147,148,149,150,151,152,153,154,155,156,157,158,159,160,161,162,163,164,165,166,167,168,169,170,180,181,182,183,184,185,186,187
5;7;10,11,12,13,14,15,16
6;126;0,1,2,3,4,5,6,7,8,9,17,18,19,20,21,22,23,24,25,26,27,28,29,30,31,32,33,34,35,36,37,38,39,40,41,42,43,44,45,46,47,48,49,50,51,52,53,54,55,56,57,58,59,73,74,75,76,77,78,103,104,105,106,107,108,109,110,111,112,113,114,115,116,117,118,119,120,121,122,123,124,125,126,127,143,144,145,146,147,148,149,150,151,152,153,154,155,156,157,158,159,160,161,162,163,164,165,166,167,168,169,170,171,172,173,174,175,176,177,178,179,188,189,190,191,192
7;193;0,1,2,3,4,5,6,7,8,9,10,11,12,13,14,15,16,17,18,19,20,21,22,23,24,25,26,27,28,29,30,31,32,33,34,35,36,37,38,39,40,41,42,43,44,45,46,47,48,49,50,51,52,53,54,55,56,57,58,59,60,61,62,63,64,65,66,67,68,69,70,71,72,73,74,75,76,77,78,79,80,81,82,83,84,85,86,87,88,89,90,91,92,93,94,95,96,97,98,99,100,101,102,103,104,105,106,107,108,109,110,111,112,113,114,115,116,117,118,119,120,121,122,123,124,125,126,127,128,129,130,131,132,133,134,135,136,137,138,139,140,141,142,143,144,145,146,147,148,149,150,151,152,153,154,155,156,157,158,159,160,161,162,163,164,165,166,167,168,169,170,171,172,173,174,175,176,177,178,179,180,181,182,183,184,185,186,187,188,189,190,191,192
8;193;0,1,2,3,4,5,6,7,8,9,10,11,12,13,14,15,16,17,18,19,20,21,22,23,24,25,26,27,28,29,30,31,32,33,34,35,36,37,38,39,40,41,42,43,44,45,46,47,48,49,50,51,52,53,54,55,56,57,58,59,60,61,62,63,64,65,66,67,68,69,70,71,72,73,74,75,76,77,78,79,80,81,82,83,84,85,86,87,88,89,90,91,92,93,94,95,96,97,98,99,100,101,102,103,104,105,106,107,108,109,110,111,112,113,114,115,116,117,118,119,120,121,122,123,124,125,126,127,128,129,130,131,132,133,134,135,136,137,138,139,140,141,142,143,144,145,146,147,148,149,150,151,152,153,154,155,156,157,158,159,160,161,162,163,164,165,166,167,168,169,170,171,172,173,174,175,176,177,178,179,180,181,182,183,184,185,186,187,188,189,190,191,192
9;24;79,80,81,82,83,84,85,86,87,88,89,90,91,92,93,94,95,96,97,98,99,100,101,102
10;193;0,1,2,3,4,5,6,7,8,9,10,11,12,13,14,15,16,17,18,19,20,21,22,23,24,25,26,27,28,29,30,31,32,33,34,35,36,37,38,39,40,41,42,43,44,45,46,47,48,49,50,51,52,53,54,55,56,57,58,59,60,61,62,63,64,65,66,67,68,69,70,71,72,73,74,75,76,77,78,79,80,81,82,83,84,85,86,87,88,89,90,91,92,93,94,95,96,97,98,99,100,101,102,103,104,105,106,107,108,109,110,111,112,113,114,115,116,117,118,119,120,121,122,123,124,125,126,127,128,129,130,131,132,133,134,135,136,137,138,139,140,141,142,143,144,145,146,147,148,149,150,151,152,153,154,155,156,157,158,159,160,161,162,163,164,165,166,167,168,169,170,171,172,173,174,175,176,177,178,179,180,181,182,183,184,185,186,187,188,189,190,191,192
11;75;17,18,19,20,21,22,23,24,25,26,27,28,29,30,31,32,33,34,35,36,37,38,39,40,41,50,51,52,53,54,55,56,57,58,59,73,74,75,76,77,78,89,90,91,92,93,94,95,96,97,98,99,100,101,102,143,144,145,146,147,148,149,150,151,152,153,171,172,173,174,175,176,177,178,179
12;193;0,1,2,3,4,5,6,7,8,9,10,11,12,13,14,15,16,17,18,19,20,21,22,23,24,25,26,27,28,29,30,31,32,33,34,35,36,37,38,39,40,41,42,43,44,45,46,47,48,49,50,51,52,53,54,55,56,57,58,59,60,61,62,63,64,65,66,67,68,69,70,71,72,73,74,75,76,77,78,79,80,81,82,83,84,85,86,87,88,89,90,91,92,93,94,95,96,97,98,99,100,101,102,103,104,105,106,107,108,109,110,111,112,113,114,115,116,117,118,119,120,121,122,123,124,125,126,127,128,129,130,131,132,133,134,135,136,137,138,139,140,141,142,143,144,145,146,147,148,149,150,151,152,153,154,155,156,157,158,159,160,161,162,163,164,165,166,167,168,169,170,171,172,173,174,175,176,177,178,179,180,181,182,183,184,185,186,187,188,189,190,191,192
13;39;10,11,12,13,14,15,16,79,80,81,82,83,84,85,86,87,88,117,118,119,120,121,122,123,124,125,126,127,154,155,156,157,158,159,160,161,162,163,164
14;62;50,51,52,53,54,55,56,57,58,59,60,61,62,63,64,65,66,67,68,69,70,71,72,79,80,81,82,83,84,85,86,87,88,103,104,105,106,107,108,109,110,111,112,113,114,115,116,165,166,167,168,169,170,171,172,173,174,175,176,177,178,179
15;59;10,11,12,13,14,15,16,50,51,52,53,54,55,56,57,58,59,73,74,75,76,77,78,89,90,91,92,93,94,95,96,97,98,99,100,101,102,103,104,105,106,107,108,109,110,111,112,113,114,115,116,180,181,182,183,184,185,186,187
16;85;17,18,19,20,21,22,23,24,25,26,27,28,29,30,31,32,33,34,35,36,37,38,39,40,41,42,43,44,45,46,47,48,49,50,51,52,53,54,55,56,57,58,59,60,61,62,63,64,65,66,67,68,69,70,71,72,79,80,81,82,83,84,85,86,87,88,117,118,119,120,121,122,123,124,125,126,127,128,129,130,131,132,133,134,135
17;172;0,1,2,3,4,5,6,7,8,9,10,11,12,13,14,15,16,17,18,19,20,21,22,23,24,25,26,27,28,29,30,31,32,33,34,35,36,37,38,39,40,41,42,43,44,45,46,47,48,49,50,51,52,53,54,55,56,57,58,59,73,74,75,76,77,78,79,80,81,82,83,84,85,86,87,88,89,90,91,92,93,94,95,96,97,98,99,100,101,102,103,104,105,106,107,108,109,110,111,112,113,114,115,116,117,118,119,120,121,122,123,124,125,126,127,136,137,138,139,140,141,142,143,144,145,146,147,148,149,150,151,152,153,154,155,156,157,158,159,160,161,162,163,164,165,166,167,168,169,170,171,172,173,174,175,176,177,178,179,180,181,182,183,184,185,186,187,188,189,190,191,192
18;164;0,1,2,3,4,5,6,7,8,9,10,11,12,13,14,15,16,17,18,19,20,21,22,23,24,25,26,27,28,29,30,31,32,33,34,35,36,37,38,39,40,41,42,43,44,45,46,47,48,49,60,61,62,63,64,65,66,67,68,69,70,71,72,73,74,75,76,77,78,79,80,81,82,83,84,85,86,87,88,103,104,105,106,107,108,109,110,111,112,113,114,115,116,117,118,119,120,121,122,123,124,125,126,127,128,129,130,131,132,133,134,135,136,137,138,139,140,141,142,143,144,145,146,147,148,149,150,151,152,153,154,155,156,157,158,159,160,161,162,163,164,165,166,167,168,169,170,171,172,173,174,175,176,177,178,179,180,181,182,183,184,185,186,187
19;80;10,11,12,13,14,15,16,31,32,33,34,35,36,37,38,39,40,41,50,51,52,53,54,55,56,57,58,59,79,80,81,82,83,84,85,86,87,88,103,104,105,106,107,108,109,110,111,112,113,114,115,116,117,118,119,120,121,122,123,124,125,126,127,171,172,173,174,175,176,177,178,179,180,181,182,183,184,185,186,187

[OMEGA]
0;46;0,1,4,5,7,8,10,15,16,17,22,25,28,29,31,34,35,38,39,40,46,49,51,52,53,56,57,58,60,61,66,67,69,74,75,76,78,79,80,81,87,88,90,92,93,95
1;47;1,3,4,10,11,12,13,14,22,24,26,30,32,33,36,38,39,43,47,50,52,53,54,55,56,57,59,63,65,67,70,73,76,77,78,79,80,83,84,86,87,88,90,91,92,94,96
2;70;1,2,3,4,6,9,10,11,12,13,14,18,19,20,21,22,23,24,26,27,30,32,33,36,37,38,39,41,42,43,44,45,47,48,50,52,53,54,55,56,57,59,62,63,64,65,67,68,70,71,72,73,76,77,78,79,80,82,83,84,85,86,87,88,89,90,91,92,94,96
3;69;0,1,2,4,5,6,7,8,9,10,15,16,17,18,19,20,21,22,23,25,27,28,29,31,34,35,37,38,39,40,41,42,44,45,46,48,49,51,52,53,56,57,58,60,61,62,64,66,67,68,69,71,72,74,75,76,78,79,80,81,82,85,87,88,89,90,92,93,95
4;47;1,3,4,10,11,12,13,14,22,24,26,30,32,33,36,38,39,43,47,50,52,53,54,55,56,57,59,63,65,67,70,73,76,77,78,79,80,83,84,86,87,88,90,91,92,94,96
5;69;0,1,2,4,5,6,7,8,9,10,15,16,17,18,19,20,21,22,23,25,27,28,29,31,34,35,37,38,39,40,41,42,44,45,46,48,49,51,52,53,56,57,58,60,61,62,64,66,67,68,69,71,72,74,75,76,78,79,80,81,82,85,87,88,89,90,92,93,95
6;70;1,2,3,4,6,9,10,11,12,13,14,18,19,20,21,22,23,24,26,27,30,32,33,36,37,38,39,41,42,43,44,45,47,48,50,52,53,54,55,56,57,59,62,63,64,65,67,68,70,71,72,73,76,77,78,79,80,82,83,84,85,86,87,88,89,90,91,92,94,96
7;69;0,1,2,4,5,6,7,8,9,10,15,16,17,18,19,20,21,22,23,25,27,28,29,31,34,35,37,38,39,40,41,42,44,45,46,48,49,51,52,53,56,57,58,60,61,62,64,66,67,68,69,71,72,74,75,76,78,79,80,81,82,85,87,88,89,90,92,93,95
8;97;0,1,2,3,4,5,6,7,8,9,10,11,12,13,14,15,16,17,18,19,20,21,22,23,24,25,26,27,28,29,30,31,32,33,34,35,36,37,38,39,40,41,42,43,44,45,46,47,48,49,50,51,52,53,54,55,56,57,58,59,60,61,62,63,64,65,66,67,68,69,70,71,72,73,74,75,76,77,78,79,80,81,82,83,84,85,86,87,88,89,90,91,92,93,94,95,96
9;69;0,1,2,4,5,6,7,8,9,10,15,16,17,18,19,20,21,22,23,25,27,28,29,31,34,35,37,38,39,40,41,42,44,45,46,48,49,51,52,53,56,57,58,60,61,62,64,66,67,68,69,71,72,74,75,76,78,79,80,81,82,85,87,88,89,90,92,93,95
10;69;0,1,2,4,5,6,7,8,9,10,15,16,17,18,19,20,21,22,23,25,27,28,29,31,34,35,37,38,39,40,41,42,44,45,46,48,49,51,52,53,56,57,58,60,61,62,64,66,67,68,69,71,72,74,75,76,78,79,80,81,82,85,87,88,89,90,92,93,95
11;69;0,1,2,4,5,6,7,8,9,10,15,16,17,18,19,20,21,22,23,25,27,28,29,31,34,35,37,38,39,40,41,42,44,45,46,48,49,51,52,53,56,57,58,60,61,62,64,66,67,68,69,71,72,74,75,76,78,79,80,81,82,85,87,88,89,90,92,93,95
12;97;0,1,2,3,4,5,6,7,8,9,10,11,12,13,14,15,16,17,18,19,20,21,22,23,24,25,26,27,28,29,30,31,32,33,34,35,36,37,38,39,40,41,42,43,44,45,46,47,48,49,50,51,52,53,54,55,56,57,58,59,60,61,62,63,64,65,66,67,68,69,70,71,72,73,74,75,76,77,78,79,80,81,82,83,84,85,86,87,88,89,90,91,92,93,94,95,96
13;69;0,1,2,4,5,6,7,8,9,10,15,16,17,18,19,20,21,22,23,25,27,28,29,31,34,35,37,38,39,40,41,42,44,45,46,48,49,51,52,53,56,57,58,60,61,62,64,66,67,68,69,71,72,74,75,76,78,79,80,81,82,85,87,88,89,90,92,93,95
14;97;0,1,2,3,4,5,6,7,8,9,10,11,12,13,14,15,16,17,18,19,20,21,22,23,24,25,26,27,28,29,30,31,32,33,34,35,36,37,38,39,40,41,42,43,44,45,46,47,48,49,50,51,52,53,54,55,56,57,58,59,60,61,62,63,64,65,66,67,68,69,70,71,72,73,74,75,76,77,78,79,80,81,82,83,84,85,86,87,88,89,90,91,92,93,94,95,96
15;97;0,1,2,3,4,5,6,7,8,9,10,11,12,13,14,15,16,17,18,19,20,21,22,23,24,25,26,27,28,29,30,31,32,33,34,35,36,37,38,39,40,41,42,43,44,45,46,47,48,49,50,51,52,53,54,55,56,57,58,59,60,61,62,63,64,65,66,67,68,69,70,71,72,73,74,75,76,77,78,79,80,81,82,83,84,85,86,87,88,89,90,91,92,93,94,95,96
16;69;0,1,2,4,5,6,7,8,9,10,15,16,17,18,19,20,21,22,23,25,27,28,29,31,34,35,37,38,39,40,41,42,44,45,46,48,49,51,52,53,56,57,58,60,61,62,64,66,67,68,69,71,72,74,75,76,78,79,80,81,82,85,87,88,89,90,92,93,95
17;69;0,1,2,4,5,6,7,8,9,10,15,16,17,18,19,20,21,22,23,25,27,28,29,31,34,35,37,38,39,40,41,42,44,45,46,48,49,51,52,53,56,57,58,60,61,62,64,66,67,68,69,71,72,74,75,76,78,79,80,81,82,85,87,88,89,90,92,93,95
18;97;0,1,2,3,4,5,6,7,8,9,10,11,12,13,14,15,16,17,18,19,20,21,22,23,24,25,26,27,28,29,30,31,32,33,34,35,36,37,38,39,40,41,42,43,44,45,46,47,48,49,50,51,52,53,54,55,56,57,58,59,60,61,62,63,64,65,66,67,68,69,70,71,72,73,74,75,76,77,78,79,80,81,82,83,84,85,86,87,88,89,90,91,92,93,94,95,96
19;69;0,1,2,4,5,6,7,8,9,10,15,16,17,18,19,20,21,22,23,25,27,28,29,31,34,35,37,38,39,40,41,42,44,45,46,48,49,51,52,53,56,57,58,60,61,62,64,66,67,68,69,71,72,74,75,76,78,79,80,81,82,85,87,88,89,90,92,93,95
