[METADATA]
NUM_REGIOES=20
NUM_CLIENTES=193
NUM_VEICULOS=30
NUM_OFERTAS=97
NUM_ITENS=97

[TIPOS_ITENS]
0;chapa
1;tira
2;perfil
3;tubo

[REGIOES]
0
1
2
3
4
5
6
7
8
9
10
11
12
13
14
15
16
17
18
19

[CLIENTES]
0;4,6,8,28,30
1;0,26,60
2;18,24,55
3;65
4;35,47,60
5;95
6;18,50,68
7;39,49,58,69
8;75
9;73,75,88,96
10;14,18
11;2,57
12;23,50
13;36,77,92
14;9,54,87
15;10
16;38,82
17;22,35,95
18;71
19;5,67,81
20;93
21;15,60,89
22;31,61,92
23;92
24;50,61,78
25;55,66
26;60,78
27;5,50
28;18
29;47
30;60,74
31;50,61,65
32;35,50,75
33;47,87
34;5,18
35;2,65
36;35,55
37;10,51
38;23,41
39;44
40;19,22,84
41;94
42;44,85
43;62
44;52,74,77
45;52,55,60
46;3,41
47;60,80
48;65
49;31,95
50;38,40,50,83
51;25
52;42,60,77
53;40,62
54;44,52
55;9
56;13,47
57;42,60
58;59
59;13,66
60;65
61;33,41
62;1,60,87
63;41,60
64;25,87
65;35,47
66;48
67;67
68;18
69;48
70;60
71;27,92
72;38,40
73;37,54,60,78
74;48,72
75;55,87
76;3,55,95
77;15,24
78;5
79;24,63
80;19
81;10,14
82;60
83;41,70
84;50,70
85;2,35
86;59,95
87;27,54
88;15,36,54
89;16,18
90;18,74,92
91;18,20,25,74
92;94
93;27,66
94;40,95
95;2
96;26
97;83
98;14,77,87
99;60,80,91
100;82,92
101;59,67
102;18,34,37,60
103;75,87,95
104;11,31
105;14,65
106;76
107;47,92
108;34,87,90
109;40,87
110;31
111;65
112;35,62
113;60
114;40,55,56
115;48,55,60
116;2
117;19,60
118;64
119;75
120;52,55
121;85,93
122;91
123;81
124;14,18
125;54
126;26,50
127;41,55
128;75
129;53,74
130;82
131;47
132;89
133;9,65,93
134;21,40,50
135;21
136;19,61
137;54,67
138;54,92
139;11,59
140;41,74,95
141;54,82
142;15,87
143;19,21,31,80
144;10,46,91
145;81
146;14,40,54
147;0,63
148;53
149;60
150;64,80
151;19,38
152;90
153;55,77
154;27,32
155;67,74,81,86
156;18,46,77
157;18,25
158;50,87
159;19,54
160;22,24,33
161;27,63
162;7,62
163;17,29,60,68
164;47,48
165;2,36,74
166;36,60,81,90
167;29,77
168;41,60,64
169;36,38
170;47,61
171;9,67,83
172;29,63
173;60
174;24,48,68
175;5,20,40
176;38,95
177;48
178;35
179;10,59,63,94
180;75
181;19
182;43,45,82
183;0
184;32,50,95
185;15,40,95
186;2,74,77
187;26
188;67
189;12,27
190;52,60,79,87
191;7,18
192;15,24

[VEICULOS]
0;23000;40;2800;11500.0
1;74000;100;3550;37000.0
2;33000;70;1650;16500.0
3;41000;75;3950;20500.0
4;74000;100;3550;37000.0
5;33000;50;1350;16500.0
6;33000;70;3300;16500.0
7;41000;75;4700;20500.0
8;57000;90;4500;28500.0
9;33000;50;1500;16500.0
10;33000;50;4200;16500.0
11;33000;50;2250;16500.0
12;57000;90;4500;28500.0
13;41000;75;2300;20500.0
14;74000;110;2900;37000.0
15;45000;85;2500;22500.0
16;33000;50;2400;16500.0
17;33000;50;3900;16500.0
18;74000;110;4550;37000.0
19;33000;50;2400;16500.0
20;57000;90;3750;28500.0
21;45000;85;3850;22500.0
22;33000;50;1350;16500.0
23;33000;50;2850;16500.0
24;57000;80;4650;28500.0
25;33000;70;4050;16500.0
26;33000;50;3750;16500.0
27;45000;85;4000;22500.0
28;23000;40;2500;11500.0
29;33000;50;3000;16500.0

[OFERTAS]
0;0;2157;7.0;3.82
1;3;2718;8.0;2.53
2;2;2562;5.0;4.81
3;1;2677;6.0;3.88
4;3;2419;8.0;3.24
5;3;2360;8.0;3.96
6;2;2649;3.0;2.77
7;3;2329;6.0;2.97
8;3;2220;5.0;3.4
9;0;2137;8.0;4.25
10;2;3959;2.0;5.68
11;0;1705;10.0;4.56
12;1;3296;6.0;5.21
13;0;2855;5.0;2.61
14;2;2674;3.0;4.96
15;3;3818;8.0;5.95
16;0;2264;5.0;2.59
17;2;2826;5.0;2.64
18;2;3897;4.0;7.28
19;2;2907;5.0;4.86
20;2;2232;3.0;3.13
21;1;2295;5.0;3.07
22;1;2748;6.0;3.69
23;3;2451;6.0;4.63
24;2;2355;5.0;3.55
25;3;4527;5.0;9.26
26;3;2892;7.0;4.02
27;0;2784;10.0;3.59
28;1;1329;4.0;4.78
29;3;4122;8.0;9.66
30;1;3598;3.0;6.92
31;2;2649;4.0;4.95
32;2;3012;4.0;5.85
33;0;1789;5.0;2.82
34;3;2114;6.0;4.24
35;1;3142;5.0;6.18
36;3;1794;5.0;4.55
37;3;3102;4.0;5.44
38;2;1247;2.0;4.74
39;3;3109;4.0;6.73
40;2;4124;3.0;8.78
41;1;2611;4.0;2.65
42;2;2877;4.0;4.97
43;1;2207;5.0;3.71
44;0;3996;5.0;5.16
45;0;2926;10.0;4.28
46;3;2499;4.0;3.49
47;0;3381;5.0;5.94
48;2;1657;4.0;3.36
49;3;2894;6.0;4.47
50;0;3843;8.0;6.39
51;1;3138;4.0;5.32
52;3;2908;6.0;3.11
53;3;3337;5.0;6.51
54;3;2318;8.0;3.72
55;3;1868;4.0;3.21
56;0;3308;10.0;5.01
57;3;2851;7.0;2.93
58;2;2950;5.0;3.69
59;2;3998;3.0;5.47
60;0;3198;9.0;6.32
61;3;2179;6.0;3.22
62;0;2611;7.0;3.98
63;1;3083;3.0;5.34
64;1;3188;3.0;5.22
65;2;2041;4.0;4.4
66;1;3651;6.0;5.27
67;1;3075;3.0;7.41
68;1;3217;3.0;6.8
69;2;2617;5.0;2.85
70;3;3111;5.0;5.47
71;3;3082;5.0;6.31
72;2;3946;4.0;6.13
73;1;3327;4.0;6.16
74;0;4148;7.0;8.39
75;3;1644;8.0;3.86
76;0;1147;9.0;3.33
77;3;3752;7.0;5.35
78;2;3944;5.0;6.43
79;2;2727;3.0;3.28
80;0;2503;7.0;4.29
81;3;2452;8.0;3.36
82;0;2204;8.0;4.01
83;1;1212;3.0;2.87
84;1;3681;5.0;6.79
85;1;4149;6.0;7.95
86;3;2465;7.0;3.22
87;3;1733;6.0;3.97
88;2;3357;2.0;6.48
89;1;2094;6.0;4.24
90;1;3593;3.0;5.94
91;0;3220;10.0;6.84
92;3;2310;8.0;2.97
93;2;2403;4.0;4.67
94;1;1641;3.0;4.36
95;2;3740;3.0;5.01
96;0;3486;7.0;7.31

[ITENS]
0;0;0;2157;7.0;3.82
1;1;3;2718;8.0;2.53
2;2;2;2562;5.0;4.81
3;3;1;2677;6.0;3.88
4;4;3;2419;8.0;3.24
5;5;3;2360;8.0;3.96
6;6;2;2649;3.0;2.77
7;7;3;2329;6.0;2.97
8;8;3;2220;5.0;3.4
9;9;0;2137;8.0;4.25
10;10;2;3959;2.0;5.68
11;11;0;1705;10.0;4.56
12;12;1;3296;6.0;5.21
13;13;0;2855;5.0;2.61
14;14;2;2674;3.0;4.96
15;15;3;3818;8.0;5.95
16;16;0;2264;5.0;2.59
17;17;2;2826;5.0;2.64
18;18;2;3897;4.0;7.28
19;19;2;2907;5.0;4.86
20;20;2;2232;3.0;3.13
21;21;1;2295;5.0;3.07
22;22;1;2748;6.0;3.69
23;23;3;2451;6.0;4.63
24;24;2;2355;5.0;3.55
25;25;3;4527;5.0;9.26
26;26;3;2892;7.0;4.02
27;27;0;2784;10.0;3.59
28;28;1;1329;4.0;4.78
29;29;3;4122;8.0;9.66
30;30;1;3598;3.0;6.92
31;31;2;2649;4.0;4.95
32;32;2;3012;4.0;5.85
33;33;0;1789;5.0;2.82
34;34;3;2114;6.0;4.24
35;35;1;3142;5.0;6.18
36;36;3;1794;5.0;4.55
37;37;3;3102;4.0;5.44
38;38;2;1247;2.0;4.74
39;39;3;3109;4.0;6.73
40;40;2;4124;3.0;8.78
41;41;1;2611;4.0;2.65
42;42;2;2877;4.0;4.97
43;43;1;2207;5.0;3.71
44;44;0;3996;5.0;5.16
45;45;0;2926;10.0;4.28
46;46;3;2499;4.0;3.49
47;47;0;3381;5.0;5.94
48;48;2;1657;4.0;3.36
49;49;3;2894;6.0;4.47
50;50;0;3843;8.0;6.39
51;51;1;3138;4.0;5.32
52;52;3;2908;6.0;3.11
53;53;3;3337;5.0;6.51
54;54;3;2318;8.0;3.72
55;55;3;1868;4.0;3.21
56;56;0;3308;10.0;5.01
57;57;3;2851;7.0;2.93
58;58;2;2950;5.0;3.69
59;59;2;3998;3.0;5.47
60;60;0;3198;9.0;6.32
61;61;3;2179;6.0;3.22
62;62;0;2611;7.0;3.98
63;63;1;3083;3.0;5.34
64;64;1;3188;3.0;5.22
65;65;2;2041;4.0;4.4
66;66;1;3651;6.0;5.27
67;67;1;3075;3.0;7.41
68;68;1;3217;3.0;6.8
69;69;2;2617;5.0;2.85
70;70;3;3111;5.0;5.47
71;71;3;3082;5.0;6.31
72;72;2;3946;4.0;6.13
73;73;1;3327;4.0;6.16
74;74;0;4148;7.0;8.39
75;75;3;1644;8.0;3.86
76;76;0;1147;9.0;3.33
77;77;3;3752;7.0;5.35
78;78;2;3944;5.0;6.43
79;79;2;2727;3.0;3.28
80;80;0;2503;7.0;4.29
81;81;3;2452;8.0;3.36
82;82;0;2204;8.0;4.01
83;83;1;1212;3.0;2.87
84;84;1;3681;5.0;6.79
85;85;1;4149;6.0;7.95
86;86;3;2465;7.0;3.22
87;87;3;1733;6.0;3.97
88;88;2;3357;2.0;6.48
89;89;1;2094;6.0;4.24
90;90;1;3593;3.0;5.94
91;91;0;3220;10.0;6.84
92;92;3;2310;8.0;2.97
93;93;2;2403;4.0;4.67
94;94;1;1641;3.0;4.36
95;95;2;3740;3.0;5.01
96;96;0;3486;7.0;7.31

[PHI]
0;3;1,147,183
1;1;62
2;7;11,35,85,95,116,165,186
3;2;46,76
4;1;0
5;5;19,27,34,78,175
6;1;0
7;2;162,191
8;1;0
9;4;14,55,133,171
10;5;15,37,81,144,179
11;2;104,139
12;1;189
13;2;56,59
14;6;10,81,98,105,124,146
15;6;21,77,88,142,185,192
16;1;89
17;1;163
18;14;2,6,10,28,34,68,89,90,91,102,124,156,157,191
19;8;40,80,117,136,143,151,159,181
20;2;91,175
21;3;134,135,143
22;3;17,40,160
23;2;12,38
24;6;2,77,79,160,174,192
25;4;51,64,91,157
26;4;1,96,126,187
27;6;71,87,93,154,161,189
28;1;0
29;3;163,167,172
30;1;0
31;5;22,49,104,110,143
32;2;154,184
33;2;61,160
34;2;102,108
35;8;4,17,32,36,65,85,112,178
36;5;13,88,165,166,169
37;2;73,102
38;6;16,50,72,151,169,176
39;1;7
40;10;50,53,72,94,109,114,134,146,175,185
41;8;38,46,61,63,83,127,140,168
42;2;52,57
43;1;182
44;3;39,42,54
45;1;182
46;2;144,156
47;9;4,29,33,56,65,107,131,164,170
48;7;66,69,74,115,164,174,177
49;1;7
50;12;6,12,24,27,31,32,50,84,126,134,158,184
51;1;37
52;5;44,45,54,120,190
53;2;129,148
54;10;14,73,87,88,125,137,138,141,146,159
55;11;2,25,36,45,75,76,114,115,120,127,153
56;1;114
57;1;11
58;1;7
59;5;58,86,101,139,179
60;25;1,4,21,26,30,45,47,52,57,62,63,70,73,82,99,102,113,115,117,149,163,166,168,173,190
61;5;22,24,31,136,170
62;4;43,53,112,162
63;5;79,147,161,172,179
64;3;118,150,168
65;8;3,31,35,48,60,105,111,133
66;3;25,59,93
67;7;19,67,101,137,155,171,188
68;3;6,163,174
69;1;7
70;2;83,84
71;1;18
72;1;74
73;1;9
74;9;30,44,90,91,129,140,155,165,186
75;7;8,9,32,103,119,128,180
76;1;106
77;8;13,44,52,98,153,156,167,186
78;3;24,26,73
79;1;190
80;4;47,99,143,150
81;5;19,123,145,155,166
82;5;16,100,130,141,182
83;3;50,97,171
84;1;40
85;2;42,121
86;1;155
87;12;14,33,62,64,75,98,103,108,109,142,158,190
88;1;9
89;2;21,132
90;3;108,152,166
91;3;99,122,144
92;8;13,22,23,71,90,100,107,138
93;3;20,121,133
94;3;41,92,179
95;11;5,17,49,76,86,94,103,140,176,184,185
96;1;9

[PSI]
0;14;1,2,4,6,8,12,14,15,18,20,21,24,25,27
1;24;0,3,5,7,8,9,10,11,12,13,14,15,16,17,18,19,20,21,22,23,26,27,28,29
2;30;0,1,2,3,4,5,6,7,8,9,10,11,12,13,14,15,16,17,18,19,20,21,22,23,24,25,26,27,28,29
3;25;2,3,5,6,7,8,9,10,11,12,13,14,15,16,17,18,19,20,21,22,23,25,26,27,29
4;24;0,3,5,7,8,9,10,11,12,13,14,15,16,17,18,19,20,21,22,23,26,27,28,29
5;24;0,3,5,7,8,9,10,11,12,13,14,15,16,17,18,19,20,21,22,23,26,27,28,29
6;30;0,1,2,3,4,5,6,7,8,9,10,11,12,13,14,15,16,17,18,19,20,21,22,23,24,25,26,27,28,29
7;24;0,3,5,7,8,9,10,11,12,13,14,15,16,17,18,19,20,21,22,23,26,27,28,29
8;24;0,3,5,7,8,9,10,11,12,13,14,15,16,17,18,19,20,21,22,23,26,27,28,29
9;14;1,2,4,6,8,12,14,15,18,20,21,24,25,27
10;30;0,1,2,3,4,5,6,7,8,9,10,11,12,13,14,15,16,17,18,19,20,21,22,23,24,25,26,27,28,29
11;14;1,2,4,6,8,12,14,15,18,20,21,24,25,27
12;25;2,3,5,6,7,8,9,10,11,12,13,14,15,16,17,18,19,20,21,22,23,25,26,27,29
13;14;1,2,4,6,8,12,14,15,18,20,21,24,25,27
14;30;0,1,2,3,4,5,6,7,8,9,10,11,12,13,14,15,16,17,18,19,20,21,22,23,24,25,26,27,28,29
15;24;0,3,5,7,8,9,10,11,12,13,14,15,16,17,18,19,20,21,22,23,26,27,28,29
16;14;1,2,4,6,8,12,14,15,18,20,21,24,25,27
17;30;0,1,2,3,4,5,6,7,8,9,10,11,12,13,14,15,16,17,18,19,20,21,22,23,24,25,26,27,28,29
18;30;0,1,2,3,4,5,6,7,8,9,10,11,12,13,14,15,16,17,18,19,20,21,22,23,24,25,26,27,28,29
19;30;0,1,2,3,4,5,6,7,8,9,10,11,12,13,14,15,16,17,18,19,20,21,22,23,24,25,26,27,28,29
20;30;0,1,2,3,4,5,6,7,8,9,10,11,12,13,14,15,16,17,18,19,20,21,22,23,24,25,26,27,28,29
21;25;2,3,5,6,7,8,9,10,11,12,13,14,15,16,17,18,19,20,21,22,23,25,26,27,29
22;25;2,3,5,6,7,8,9,10,11,12,13,14,15,16,17,18,19,20,21,22,23,25,26,27,29
23;24;0,3,5,7,8,9,10,11,12,13,14,15,16,17,18,19,20,21,22,23,26,27,28,29
24;30;0,1,2,3,4,5,6,7,8,9,10,11,12,13,14,15,16,17,18,19,20,21,22,23,24,25,26,27,28,29
25;24;0,3,5,7,8,9,10,11,12,13,14,15,16,17,18,19,20,21,22,23,26,27,28,29
26;24;0,3,5,7,8,9,10,11,12,13,14,15,16,17,18,19,20,21,22,23,26,27,28,29
27;14;1,2,4,6,8,12,14,15,18,20,21,24,25,27
28;25;2,3,5,6,7,8,9,10,11,12,13,14,15,16,17,18,19,20,21,22,23,25,26,27,29
29;24;0,3,5,7,8,9,10,11,12,13,14,15,16,17,18,19,20,21,22,23,26,27,28,29
30;25;2,3,5,6,7,8,9,10,11,12,13,14,15,16,17,18,19,20,21,22,23,25,26,27,29
31;30;0,1,2,3,4,5,6,7,8,9,10,11,12,13,14,15,16,17,18,19,20,21,22,23,24,25,26,27,28,29
32;30;0,1,2,3,4,5,6,7,8,9,10,11,12,13,14,15,16,17,18,19,20,21,22,23,24,25,26,27,28,29
33;14;1,2,4,6,8,12,14,15,18,20,21,24,25,27
34;24;0,3,5,7,8,9,10,11,12,13,14,15,16,17,18,19,20,21,22,23,26,27,28,29
35;25;2,3,5,6,7,8,9,10,11,12,13,14,15,16,17,18,19,20,21,22,23,25,26,27,29
36;24;0,3,5,7,8,9,10,11,12,13,14,15,16,17,18,19,20,21,22,23,26,27,28,29
37;24;0,3,5,7,8,9,10,11,12,13,14,15,16,17,18,19,20,21,22,23,26,27,28,29
38;30;0,1,2,3,4,5,6,7,8,9,10,11,12,13,14,15,16,17,18,19,20,21,22,23,24,25,26,27,28,29
39;24;0,3,5,7,8,9,10,11,12,13,14,15,16,17,18,19,20,21,22,23,26,27,28,29
40;30;0,1,2,3,4,5,6,7,8,9,10,11,12,13,14,15,16,17,18,19,20,21,22,23,24,25,26,27,28,29
41;25;2,3,5,6,7,8,9,10,11,12,13,14,15,16,17,18,19,20,21,22,23,25,26,27,29
42;30;0,1,2,3,4,5,6,7,8,9,10,11,12,13,14,15,16,17,18,19,20,21,22,23,24,25,26,27,28,29
43;25;2,3,5,6,7,8,9,10,11,12,13,14,15,16,17,18,19,20,21,22,23,25,26,27,29
44;14;1,2,4,6,8,12,14,15,18,20,21,24,25,27
45;14;1,2,4,6,8,12,14,15,18,20,21,24,25,27
46;24;0,3,5,7,8,9,10,11,12,13,14,15,16,17,18,19,20,21,22,23,26,27,28,29
47;14;1,2,4,6,8,12,14,15,18,20,21,24,25,27
48;30;0,1,2,3,4,5,6,7,8,9,10,11,12,13,14,15,16,17,18,19,20,21,22,23,24,25,26,27,28,29
49;24;0,3,5,7,8,9,10,11,12,13,14,15,16,17,18,19,20,21,22,23,26,27,28,29
50;14;1,2,4,6,8,12,14,15,18,20,21,24,25,27
51;25;2,3,5,6,7,8,9,10,11,12,13,14,15,16,17,18,19,20,21,22,23,25,26,27,29
52;24;0,3,5,7,8,9,10,11,12,13,14,15,16,17,18,19,20,21,22,23,26,27,28,29
53;24;0,3,5,7,8,9,10,11,12,13,14,15,16,17,18,19,20,21,22,23,26,27,28,29
54;24;0,3,5,7,8,9,10,11,12,13,14,15,16,17,18,19,20,21,22,23,26,27,28,29
55;24;0,3,5,7,8,9,10,11,12,13,14,15,16,17,18,19,20,21,22,23,26,27,28,29
56;14;1,2,4,6,8,12,14,15,18,20,21,24,25,27
57;24;0,3,5,7,8,9,10,11,12,13,14,15,16,17,18,19,20,21,22,23,26,27,28,29
58;30;0,1,2,3,4,5,6,7,8,9,10,11,12,13,14,15,16,17,18,19,20,21,22,23,24,25,26,27,28,29
59;30;0,1,2,3,4,5,6,7,8,9,10,11,12,13,14,15,16,17,18,19,20,21,22,23,24,25,26,27,28,29
60;14;1,2,4,6,8,12,14,15,18,20,21,24,25,27
61;24;0,3,5,7,8,9,10,11,12,13,14,15,16,17,18,19,20,21,22,23,26,27,28,29
62;14;1,2,4,6,8,12,14,15,18,20,21,24,25,27
63;25;2,3,5,6,7,8,9,10,11,12,13,14,15,16,17,18,19,20,21,22,23,25,26,27,29
64;25;2,3,5,6,7,8,9,10,11,12,13,14,15,16,17,18,19,20,21,22,23,25,26,27,29
65;30;0,1,2,3,4,5,6,7,8,9,10,11,12,13,14,15,16,17,18,19,20,21,22,23,24,25,26,27,28,29
66;25;2,3,5,6,7,8,9,10,11,12,13,14,15,16,17,18,19,20,21,22,23,25,26,27,29
67;25;2,3,5,6,7,8,9,10,11,12,13,14,15,16,17,18,19,20,21,22,23,25,26,27,29
68;25;2,3,5,6,7,8,9,10,11,12,13,14,15,16,17,18,19,20,21,22,23,25,26,27,29
69;30;0,1,2,3,4,5,6,7,8,9,10,11,12,13,14,15,16,17,18,19,20,21,22,23,24,25,26,27,28,29
70;24;0,3,5,7,8,9,10,11,12,13,14,15,16,17,18,19,20,21,22,23,26,27,28,29
71;24;0,3,5,7,8,9,10,11,12,13,14,15,16,17,18,19,20,21,22,23,26,27,28,29
72;30;0,1,2,3,4,5,6,7,8,9,10,11,12,13,14,15,16,17,18,19,20,21,22,23,24,25,26,27,28,29
73;25;2,3,5,6,7,8,9,10,11,12,13,14,15,16,17,18,19,20,21,22,23,25,26,27,29
74;14;1,2,4,6,8,12,14,15,18,20,21,24,25,27
75;24;0,3,5,7,8,9,10,11,12,13,14,15,16,17,18,19,20,21,22,23,26,27,28,29
76;14;1,2,4,6,8,12,14,15,18,20,21,24,25,27
77;24;0,3,5,7,8,9,10,11,12,13,14,15,16,17,18,19,20,21,22,23,26,27,28,29
78;30;0,1,2,3,4,5,6,7,8,9,10,11,12,13,14,15,16,17,18,19,20,21,22,23,24,25,26,27,28,29
79;30;0,1,2,3,4,5,6,7,8,9,10,11,12,13,14,15,16,17,18,19,20,21,22,23,24,25,26,27,28,29
80;14;1,2,4,6,8,12,14,15,18,20,21,24,25,27
81;24;0,3,5,7,8,9,10,11,12,13,14,15,16,17,18,19,20,21,22,23,26,27,28,29
82;14;1,2,4,6,8,12,14,15,18,20,21,24,25,27
83;25;2,3,5,6,7,8,9,10,11,12,13,14,15,16,17,18,19,20,21,22,23,25,26,27,29
84;25;2,3,5,6,7,8,9,10,11,12,13,14,15,16,17,18,19,20,21,22,23,25,26,27,29
85;25;2,3,5,6,7,8,9,10,11,12,13,14,15,16,17,18,19,20,21,22,23,25,26,27,29
86;24;0,3,5,7,8,9,10,11,12,13,14,15,16,17,18,19,20,21,22,23,26,27,28,29
87;24;0,3,5,7,8,9,10,11,12,13,14,15,16,17,18,19,20,21,22,23,26,27,28,29
88;30;0,1,2,3,4,5,6,7,8,9,10,11,12,13,14,15,16,17,18,19,20,21,22,23,24,25,26,27,28,29
89;25;2,3,5,6,7,8,9,10,11,12,13,14,15,16,17,18,19,20,21,22,23,25,26,27,29
90;25;2,3,5,6,7,8,9,10,11,12,13,14,15,16,17,18,19,20,21,22,23,25,26,27,29
91;14;1,2,4,6,8,12,14,15,18,20,21,24,25,27
92;24;0,3,5,7,8,9,10,11,12,13,14,15,16,17,18,19,20,21,22,23,26,27,28,29
93;30;0,1,2,3,4,5,6,7,8,9,10,11,12,13,14,15,16,17,18,19,20,21,22,23,24,25,26,27,28,29
94;25;2,3,5,6,7,8,9,10,11,12,13,14,15,16,17,18,19,20,21,22,23,25,26,27,29
95;30;0,1,2,3,4,5,6,7,8,9,10,11,12,13,14,15,16,17,18,19,20,21,22,23,24,25,26,27,28,29
96;14;1,2,4,6,8,12,14,15,18,20,21,24,25,27

[GAMMA]
0;122;17,18,19,20,21,22,23,24,25,26,27,28,29,30,31,32,33,34,35,36,37,38,39,40,41,42,43,44,45,46,47,48,49,60,61,62,63,64,65,66,67,68,69,70,71,72,73,74,75,76,77,78,79,80,81,82,83,84,85,86,87,88,103,104,105,106,107,108,109,110,111,112,113,114,115,116,136,137,138,139,140,141,142,143,144,145,146,147,148,149,150,151,152,153,154,155,156,157,158,159,160,161,162,163,164,171,172,173,174,175,176,177,178,179,180,181,182,183,184,185,186,187
1;84;0,1,2,3,4,5,6,7,8,9,17,18,19,20,21,22,23,24,25,26,27,28,29,30,50,51,52,53,54,55,56,57,58,59,73,74,75,76,77,78,103,104,105,106,107,108,109,110,111,112,113,114,115,116,117,118,119,120,121,122,123,124,125,126,127,128,129,130,131,132,133,134,135,165,166,167,168,169,170,188,189,190,191,192
2;24;0,1,2,3,4,5,6,7,8,9,17,18,19,20,21,22,23,24,25,26,27,28,29,30
3;146;10,11,12,13,14,15,16,17,18,19,20,21,22,23,24,25,26,27,28,29,30,31,32,33,34,35,36,37,38,39,40,41,42,43,44,45,46,47,48,49,50,51,52,53,54,55,56,57,58,59,89,90,91,92,93,94,95,96,97,98,99,100,101,102,103,104,105,106,107,108,109,110,111,112,113,114,115,116,117,118,119,120,121,122,123,124,125,126,127,136,137,138,139,140,141,142,143,144,145,146,147,148,149,150,151,152,153,154,155,156,157,158,159,160,161,162,163,164,165,166,167,168,169,170,171,172,173,174,175,176,177,178,179,180,181,182,183,184,185,186,187,188,189,190,191,192
4;93;31,32,33,34,35,36,37,38,39,40,41,50,51,52,53,54,55,56,57,58,59,89,90,91,92,93,94,95,96,97,98,99,100,101,102,103,104,105,106,107,108,109,110,111,112,113,114,115,116,128,129,130,131,132,133,134,135,143,144,145,146,147,148,149,150,151,152,153,154,155,156,157,158,159,160,161,162,163,164,165,166,167,168,169,170,180,181,182,183,184,185,186,187
5;7;10,11,12,13,14,15,16
6;126;0,1,2,3,4,5,6,7,8,9,17,18,19,20,21,22,23,24,25,26,27,28,29,30,31,32,33,34,35,36,37,38,39,40,41,42,43,44,45,46,47,48,49,50,51,52,53,54,55,56,57,58,59,73,74,75,76,77,78,103,104,105,106,107,108,109,110,111,112,113,114,115,116,117,118,119,120,121,122,123,124,125,126,127,143,144,145,146,147,148,149,150,151,152,153,154,155,156,157,158,159,160,161,162,163,164,165,166,167,168,169,170,171,172,173,174,175,176,177,178,179,188,189,190,191,192
7;193;0,1,2,3,4,5,6,7,8,9,10,11,12,13,14,15,16,17,18,19,20,21,22,23,24,25,26,27,28,29,30,31,32,33,34,35,36,37,38,39,40,41,42,43,44,45,46,47,48,49,50,51,52,53,54,55,56,57,58,59,60,61,62,63,64,65,66,67,68,69,70,71,72,73,74,75,76,77,78,79,80,81,82,83,84,85,86,87,88,89,90,91,92,93,94,95,96,97,98,99,100,101,102,103,104,105,106,107,108,109,110,111,112,113,114,115,116,117,118,119,120,121,122,123,124,125,126,127,128,129,130,131,132,133,134,135,136,137,138,139,140,141,142,143,144,145,146,147,148,149,150,151,152,153,154,155,156,157,158,159,160,161,162,163,164,165,166,167,168,169,170,171,172,173,174,175,176,177,178,179,180,181,182,183,184,185,186,187,188,189,190,191,192
8;193;0,1,2,3,4,5,6,7,8,9,10,11,12,13,14,15,16,17,18,19,20,21,22,23,24,25,26,27,28,29,30,31,32,33,34,35,36,37,38,39,40,41,42,43,44,45,46,47,48,49,50,51,52,53,54,55,56,57,58,59,60,61,62,63,64,65,66,67,68,69,70,71,72,73,74,75,76,77,78,79,80,81,82,83,84,85,86,87,88,89,90,91,92,93,94,95,96,97,98,99,100,101,102,103,104,105,106,107,108,109,110,111,112,113,114,115,116,117,118,119,120,121,122,123,124,125,126,127,128,129,130,131,132,133,134,135,136,137,138,139,140,141,142,143,144,145,146,147,148,149,150,151,152,153,154,155,156,157,158,159,160,161,162,163,164,165,166,167,168,169,170,171,172,173,174,175,176,177,178,179,180,181,182,183,184,185,186,187,188,189,190,191,192
9;24;79,80,81,82,83,84,85,86,87,88,89,90,91,92,93,94,95,96,97,98,99,100,101,102
10;193;0,1,2,3,4,5,6,7,8,9,10,11,12,13,14,15,16,17,18,19,20,21,22,23,24,25,26,27,28,29,30,31,32,33,34,35,36,37,38,39,40,41,42,43,44,45,46,47,48,49,50,51,52,53,54,55,56,57,58,59,60,61,62,63,64,65,66,67,68,69,70,71,72,73,74,75,76,77,78,79,80,81,82,83,84,85,86,87,88,89,90,91,92,93,94,95,96,97,98,99,100,101,102,103,104,105,106,107,108,109,110,111,112,113,114,115,116,117,118,119,120,121,122,123,124,125,126,127,128,129,130,131,132,133,134,135,136,137,138,139,140,141,142,143,144,145,146,147,148,149,150,151,152,153,154,155,156,157,158,159,160,161,162,163,164,165,166,167,168,169,170,171,172,173,174,175,176,177,178,179,180,181,182,183,184,185,186,187,188,189,190,191,192
11;75;17,18,19,20,21,22,23,24,25,26,27,28,29,30,31,32,33,34,35,36,37,38,39,40,41,50,51,52,53,54,55,56,57,58,59,73,74,75,76,77,78,89,90,91,92,93,94,95,96,97,98,99,100,101,102,143,144,145,146,147,148,149,150,151,152,153,171,172,173,174,175,176,177,178,179
12;193;0,1,2,3,4,5,6,7,8,9,10,11,12,13,14,15,16,17,18,19,20,21,22,23,24,25,26,27,28,29,30,31,32,33,34,35,36,37,38,39,40,41,42,43,44,45,46,47,48,49,50,51,52,53,54,55,56,57,58,59,60,61,62,63,64,65,66,67,68,69,70,71,72,73,74,75,76,77,78,79,80,81,82,83,84,85,86,87,88,89,90,91,92,93,94,95,96,97,98,99,100,101,102,103,104,105,106,107,108,109,110,111,112,113,114,115,116,117,118,119,120,121,122,123,124,125,126,127,128,129,130,131,132,133,134,135,136,137,138,139,140,141,142,143,144,145,146,147,148,149,150,151,152,153,154,155,156,157,158,159,160,161,162,163,164,165,166,167,168,169,170,171,172,173,174,175,176,177,178,179,180,181,182,183,184,185,186,187,188,189,190,191,192
13;39;10,11,12,13,14,15,16,79,80,81,82,83,84,85,86,87,88,117,118,119,120,121,122,123,124,125,126,127,154,155,156,157,158,159,160,161,162,163,164
14;62;50,51,52,53,54,55,56,57,58,59,60,61,62,63,64,65,66,67,68,69,70,71,72,79,80,81,82,83,84,85,86,87,88,103,104,105,106,107,108,109,110,111,112,113,114,115,116,165,166,167,168,169,170,171,172,173,174,175,176,177,178,179
15;59;10,11,12,13,14,15,16,50,51,52,53,54,55,56,57,58,59,73,74,75,76,77,78,89,90,91,92,93,94,95,96,97,98,99,100,101,102,103,104,105,106,107,108,109,110,111,112,113,114,115,116,180,181,182,183,184,185,186,187
16;85;17,18,19,20,21,22,23,24,25,26,27,28,29,30,31,32,33,34,35,36,37,38,39,40,41,42,43,44,45,46,47,48,49,50,51,52,53,54,55,56,57,58,59,60,61,62,63,64,65,66,67,68,69,70,71,72,79,80,81,82,83,84,85,86,87,88,117,118,119,120,121,122,123,124,125,126,127,128,129,130,131,132,133,134,135
17;172;0,1,2,3,4,5,6,7,8,9,10,11,12,13,14,15,16,17,18,19,20,21,22,23,24,25,26,27,28,29,30,31,32,33,34,35,36,37,38,39,40,41,42,43,44,45,46,47,48,49,50,51,52,53,54,55,56,57,58,59,73,74,75,76,77,78,79,80,81,82,83,84,85,86,87,88,89,90,91,92,93,94,95,96,97,98,99,100,101,102,103,104,105,106,107,108,109,110,111,112,113,114,115,116,117,118,119,120,121,122,123,124,125,126,127,136,137,138,139,140,141,142,143,144,145,146,147,148,149,150,151,152,153,154,155,156,157,158,159,160,161,162,163,164,165,166,167,168,169,170,171,172,173,174,175,176,177,178,179,180,181,182,183,184,185,186,187,188,189,190,191,192
18;164;0,1,2,3,4,5,6,7,8,9,10,11,12,13,14,15,16,17,18,19,20,21,22,23,24,25,26,27,28,29,30,31,32,33,34,35,36,37,38,39,40,41,42,43,44,45,46,47,48,49,60,61,62,63,64,65,66,67,68,69,70,71,72,73,74,75,76,77,78,79,80,81,82,83,84,85,86,87,88,103,104,105,106,107,108,109,110,111,112,113,114,115,116,117,118,119,120,121,122,123,124,125,126,127,128,129,130,131,132,133,134,135,136,137,138,139,140,141,142,143,144,145,146,147,148,149,150,151,152,153,154,155,156,157,158,159,160,161,162,163,164,165,166,167,168,169,170,171,172,173,174,175,176,177,178,179,180,181,182,183,184,185,186,187
19;80;10,11,12,13,14,15,16,31,32,33,34,35,36,37,38,39,40,41,50,51,52,53,54,55,56,57,58,59,79,80,81,82,83,84,85,86,87,88,103,104,105,106,107,108,109,110,111,112,113,114,115,116,117,118,119,120,121,122,123,124,125,126,127,171,172,173,174,175,176,177,178,179,180,181,182,183,184,185,186,187
20;153;0,1,2,3,4,5,6,7,8,9,17,18,19,20,21,22,23,24,25,26,27,28,29,30,31,32,33,34,35,36,37,38,39,40,41,50,51,52,53,54,55,56,57,58,59,60,61,62,63,64,65,66,67,68,69,70,71,72,79,80,81,82,83,84,85,86,87,88,89,90,91,92,93,94,95,96,97,98,99,100,101,102,103,104,105,106,107,108,109,110,111,112,113,114,115,116,117,118,119,120,121,122,123,124,125,126,127,136,137,138,139,140,141,142,143,144,145,146,147,148,149,150,151,152,153,165,166,167,168,169,170,171,172,173,174,175,176,177,178,179,180,181,182,183,184,185,186,187,188,189,190,191,192
21;150;0,1,2,3,4,5,6,7,8,9,10,11,12,13,14,15,16,17,18,19,20,21,22,23,24,25,26,27,28,29,30,31,32,33,34,35,36,37,38,39,40,41,50,51,52,53,54,55,56,57,58,59,60,61,62,63,64,65,66,67,68,69,70,71,72,73,74,75,76,77,78,79,80,81,82,83,84,85,86,87,88,89,90,91,92,93,94,95,96,97,98,99,100,101,102,103,104,105,106,107,108,109,110,111,112,113,114,115,116,128,129,130,131,132,133,134,135,143,144,145,146,147,148,149,150,151,152,153,171,172,173,174,175,176,177,178,179,180,181,182,183,184,185,186,187,188,189,190,191,192
22;11;143,144,145,146,147,148,149,150,151,152,153
23;102;10,11,12,13,14,15,16,31,32,33,34,35,36,37,38,39,40,41,50,51,52,53,54,55,56,57,58,59,60,61,62,63,64,65,66,67,68,69,70,71,72,79,80,81,82,83,84,85,86,87,88,128,129,130,131,132,133,134,135,136,137,138,139,140,141,142,143,144,145,146,147,148,149,150,151,152,153,154,155,156,157,158,159,160,161,162,163,164,171,172,173,174,175,176,177,178,179,188,189,190,191,192
24;183;0,1,2,3,4,5,6,7,8,9,10,11,12,13,14,15,16,17,18,19,20,21,22,23,24,25,26,27,28,29,30,31,32,33,34,35,36,37,38,39,40,41,42,43,44,45,46,47,48,49,50,51,52,53,54,55,56,57,58,59,60,61,62,63,64,65,66,67,68,69,70,71,72,73,74,75,76,77,78,89,90,91,92,93,94,95,96,97,98,99,100,101,102,103,104,105,106,107,108,109,110,111,112,113,114,115,116,117,118,119,120,121,122,123,124,125,126,127,128,129,130,131,132,133,134,135,136,137,138,139,140,141,142,143,144,145,146,147,148,149,150,151,152,153,154,155,156,157,158,159,160,161,162,163,164,165,166,167,168,169,170,171,172,173,174,175,176,177,178,179,180,181,182,183,184,185,186,187,188,189,190,191,192
25;174;0,1,2,3,4,5,6,7,8,9,10,11,12,13,14,15,16,17,18,19,20,21,22,23,24,25,26,27,28,29,30,31,32,33,34,35,36,37,38,39,40,41,42,43,44,45,46,47,48,49,50,51,52,53,54,55,56,57,58,59,73,74,75,76,77,78,79,80,81,82,83,84,85,86,87,88,89,90,91,92,93,94,95,96,97,98,99,100,101,102,103,104,105,106,107,108,109,110,111,112,113,114,115,116,117,118,119,120,121,122,123,124,125,126,127,128,129,130,131,132,133,134,135,136,137,138,139,140,141,142,143,144,145,146,147,148,149,150,151,152,153,154,155,156,157,158,159,160,161,162,163,164,171,172,173,174,175,176,177,178,179,180,181,182,183,184,185,186,187,188,189,190,191,192
26;161;0,1,2,3,4,5,6,7,8,9,10,11,12,13,14,15,16,17,18,19,20,21,22,23,24,25,26,27,28,29,30,42,43,44,45,46,47,48,49,50,51,52,53,54,55,56,57,58,59,60,61,62,63,64,65,66,67,68,69,70,71,72,73,74,75,76,77,78,89,90,91,92,93,94,95,96,97,98,99,100,101,102,103,104,105,106,107,108,109,110,111,112,113,114,115,116,128,129,130,131,132,133,134,135,136,137,138,139,140,141,142,143,144,145,146,147,148,149,150,151,152,153,154,155,156,157,158,159,160,161,162,163,164,165,166,167,168,169,170,171,172,173,174,175,176,177,178,179,180,181,182,183,184,185,186,187,188,189,190,191,192
27;153;0,1,2,3,4,5,6,7,8,9,10,11,12,13,14,15,16,17,18,19,20,21,22,23,24,25,26,27,28,29,30,31,32,33,34,35,36,37,38,39,40,41,42,43,44,45,46,47,48,49,50,51,52,53,54,55,56,57,58,59,73,74,75,76,77,78,79,80,81,82,83,84,85,86,87,88,103,104,105,106,107,108,109,110,111,112,113,114,115,116,117,118,119,120,121,122,123,124,125,126,127,136,137,138,139,140,141,142,143,144,145,146,147,148,149,150,151,152,153,154,155,156,157,158,159,160,161,162,163,164,165,166,167,168,169,170,171,172,173,174,175,176,177,178,179,180,181,182,183,184,185,186,187
28;105;31,32,33,34,35,36,37,38,39,40,41,60,61,62,63,64,65,66,67,68,69,70,71,72,89,90,91,92,93,94,95,96,97,98,99,100,101,102,103,104,105,106,107,108,109,110,111,112,113,114,115,116,117,118,119,120,121,122,123,124,125,126,127,136,137,138,139,140,141,142,143,144,145,146,147,148,149,150,151,152,153,154,155,156,157,158,159,160,161,162,163,164,180,181,182,183,184,185,186,187,188,189,190,191,192
29;110;0,1,2,3,4,5,6,7,8,9,31,32,33,34,35,36,37,38,39,40,41,42,43,44,45,46,47,48,49,50,51,52,53,54,55,56,57,58,59,73,74,75,76,77,78,79,80,81,82,83,84,85,86,87,88,103,104,105,106,107,108,109,110,111,112,113,114,115,116,136,137,138,139,140,141,142,143,144,145,146,147,148,149,150,151,152,153,165,166,167,168,169,170,171,172,173,174,175,176,177,178,179,180,181,182,183,184,185,186,187

[OMEGA]
0;55;1,2,4,5,6,7,8,10,14,15,17,18,19,20,23,24,25,26,29,31,32,34,36,37,38,39,40,42,46,48,49,52,53,54,55,57,58,59,61,65,69,70,71,72,75,77,78,79,81,86,87,88,92,93,95
1;45;0,2,6,9,10,11,13,14,16,17,18,19,20,24,27,31,32,33,38,40,42,44,45,47,48,50,56,58,59,60,62,65,69,72,74,76,78,79,80,82,88,91,93,95,96
2;67;0,2,3,6,9,10,11,12,13,14,16,17,18,19,20,21,22,24,27,28,30,31,32,33,35,38,40,41,42,43,44,45,47,48,50,51,56,58,59,60,62,63,64,65,66,67,68,69,72,73,74,76,78,79,80,82,83,84,85,88,89,90,91,93,94,95,96
3;77;1,2,3,4,5,6,7,8,10,12,14,15,17,18,19,20,21,22,23,24,25,26,28,29,30,31,32,34,35,36,37,38,39,40,41,42,43,46,48,49,51,52,53,54,55,57,58,59,61,63,64,65,66,67,68,69,70,71,72,73,75,77,78,79,81,83,84,85,86,87,88,89,90,92,93,94,95
4;45;0,2,6,9,10,11,13,14,16,17,18,19,20,24,27,31,32,33,38,40,42,44,45,47,48,50,56,58,59,60,62,65,69,72,74,76,78,79,80,82,88,91,93,95,96
5;77;1,2,3,4,5,6,7,8,10,12,14,15,17,18,19,20,21,22,23,24,25,26,28,29,30,31,32,34,35,36,37,38,39,40,41,42,43,46,48,49,51,52,53,54,55,57,58,59,61,63,64,65,66,67,68,69,70,71,72,73,75,77,78,79,81,83,84,85,86,87,88,89,90,92,93,94,95
6;67;0,2,3,6,9,10,11,12,13,14,16,17,18,19,20,21,22,24,27,28,30,31,32,33,35,38,40,41,42,43,44,45,47,48,50,51,56,58,59,60,62,63,64,65,66,67,68,69,72,73,74,76,78,79,80,82,83,84,85,88,89,90,91,93,94,95,96
7;77;1,2,3,4,5,6,7,8,10,12,14,15,17,18,19,20,21,22,23,24,25,26,28,29,30,31,32,34,35,36,37,38,39,40,41,42,43,46,48,49,51,52,53,54,55,57,58,59,61,63,64,65,66,67,68,69,70,71,72,73,75,77,78,79,81,83,84,85,86,87,88,89,90,92,93,94,95
8;97;0,1,2,3,4,5,6,7,8,9,10,11,12,13,14,15,16,17,18,19,20,21,22,23,24,25,26,27,28,29,30,31,32,33,34,35,36,37,38,39,40,41,42,43,44,45,46,47,48,49,50,51,52,53,54,55,56,57,58,59,60,61,62,63,64,65,66,67,68,69,70,71,72,73,74,75,76,77,78,79,80,81,82,83,84,85,86,87,88,89,90,91,92,93,94,95,96
9;77;1,2,3,4,5,6,7,8,10,12,14,15,17,18,19,20,21,22,23,24,25,26,28,29,30,31,32,34,35,36,37,38,39,40,41,42,43,46,48,49,51,52,53,54,55,57,58,59,61,63,64,65,66,67,68,69,70,71,72,73,75,77,78,79,81,83,84,85,86,87,88,89,90,92,93,94,95
10;77;1,2,3,4,5,6,7,8,10,12,14,15,17,18,19,20,21,22,23,24,25,26,28,29,30,31,32,34,35,36,37,38,39,40,41,42,43,46,48,49,51,52,53,54,55,57,58,59,61,63,64,65,66,67,68,69,70,71,72,73,75,77,78,79,81,83,84,85,86,87,88,89,90,92,93,94,95
11;77;1,2,3,4,5,6,7,8,10,12,14,15,17,18,19,20,21,22,23,24,25,26,28,29,30,31,32,34,35,36,37,38,39,40,41,42,43,46,48,49,51,52,53,54,55,57,58,59,61,63,64,65,66,67,68,69,70,71,72,73,75,77,78,79,81,83,84,85,86,87,88,89,90,92,93,94,95
12;97;0,1,2,3,4,5,6,7,8,9,10,11,12,13,14,15,16,17,18,19,20,21,22,23,24,25,26,27,28,29,30,31,32,33,34,35,36,37,38,39,40,41,42,43,44,45,46,47,48,49,50,51,52,53,54,55,56,57,58,59,60,61,62,63,64,65,66,67,68,69,70,71,72,73,74,75,76,77,78,79,80,81,82,83,84,85,86,87,88,89,90,91,92,93,94,95,96
13;77;1,2,3,4,5,6,7,8,10,12,14,15,17,18,19,20,21,22,23,24,25,26,28,29,30,31,32,34,35,36,37,38,39,40,41,42,43,46,48,49,51,52,53,54,55,57,58,59,61,63,64,65,66,67,68,69,70,71,72,73,75,77,78,79,81,83,84,85,86,87,88,89,90,92,93,94,95
14;97;0,1,2,3,4,5,6,7,8,9,10,11,12,13,14,15,16,17,18,19,20,21,22,23,24,25,26,27,28,29,30,31,32,33,34,35,36,37,38,39,40,41,42,43,44,45,46,47,48,49,50,51,52,53,54,55,56,57,58,59,60,61,62,63,64,65,66,67,68,69,70,71,72,73,74,75,76,77,78,79,80,81,82,83,84,85,86,87,88,89,90,91,92,93,94,95,96
15;97;0,1,2,3,4,5,6,7,8,9,10,11,12,13,14,15,16,17,18,19,20,21,22,23,24,25,26,27,28,29,30,31,32,33,34,35,36,37,38,39,40,41,42,43,44,45,46,47,48,49,50,51,52,53,54,55,56,57,58,59,60,61,62,63,64,65,66,67,68,69,70,71,72,73,74,75,76,77,78,79,80,81,82,83,84,85,86,87,88,89,90,91,92,93,94,95,96
16;77;1,2,3,4,5,6,7,8,10,12,14,15,17,18,19,20,21,22,23,24,25,26,28,29,30,31,32,34,35,36,37,38,39,40,41,42,43,46,48,49,51,52,53,54,55,57,58,59,61,63,64,65,66,67,68,69,70,71,72,73,75,77,78,79,81,83,84,85,86,87,88,89,90,92,93,94,95
17;77;1,2,3,4,5,6,7,8,10,12,14,15,17,18,19,20,21,22,23,24,25,26,28,29,30,31,32,34,35,36,37,38,39,40,41,42,43,46,48,49,51,52,53,54,55,57,58,59,61,63,64,65,66,67,68,69,70,71,72,73,75,77,78,79,81,83,84,85,86,87,88,89,90,92,93,94,95
18;97;0,1,2,3,4,5,6,7,8,9,10,11,12,13,14,15,16,17,18,19,20,21,22,23,24,25,26,27,28,29,30,31,32,33,34,35,36,37,38,39,40,41,42,43,44,45,46,47,48,49,50,51,52,53,54,55,56,57,58,59,60,61,62,63,64,65,66,67,68,69,70,71,72,73,74,75,76,77,78,79,80,81,82,83,84,85,86,87,88,89,90,91,92,93,94,95,96
19;77;1,2,3,4,5,6,7,8,10,12,14,15,17,18,19,20,21,22,23,24,25,26,28,29,30,31,32,34,35,36,37,38,39,40,41,42,43,46,48,49,51,52,53,54,55,57,58,59,61,63,64,65,66,67,68,69,70,71,72,73,75,77,78,79,81,83,84,85,86,87,88,89,90,92,93,94,95
20;97;0,1,2,3,4,5,6,7,8,9,10,11,12,13,14,15,16,17,18,19,20,21,22,23,24,25,26,27,28,29,30,31,32,33,34,35,36,37,38,39,40,41,42,43,44,45,46,47,48,49,50,51,52,53,54,55,56,57,58,59,60,61,62,63,64,65,66,67,68,69,70,71,72,73,74,75,76,77,78,79,80,81,82,83,84,85,86,87,88,89,90,91,92,93,94,95,96
21;97;0,1,2,3,4,5,6,7,8,9,10,11,12,13,14,15,16,17,18,19,20,21,22,23,24,25,26,27,28,29,30,31,32,33,34,35,36,37,38,39,40,41,42,43,44,45,46,47,48,49,50,51,52,53,54,55,56,57,58,59,60,61,62,63,64,65,66,67,68,69,70,71,72,73,74,75,76,77,78,79,80,81,82,83,84,85,86,87,88,89,90,91,92,93,94,95,96
22;77;1,2,3,4,5,6,7,8,10,12,14,15,17,18,19,20,21,22,23,24,25,26,28,29,30,31,32,34,35,36,37,38,39,40,41,42,43,46,48,49,51,52,53,54,55,57,58,59,61,63,64,65,66,67,68,69,70,71,72,73,75,77,78,79,81,83,84,85,86,87,88,89,90,92,93,94,95
23;77;1,2,3,4,5,6,7,8,10,12,14,15,17,18,19,20,21,22,23,24,25,26,28,29,30,31,32,34,35,36,37,38,39,40,41,42,43,46,48,49,51,52,53,54,55,57,58,59,61,63,64,65,66,67,68,69,70,71,72,73,75,77,78,79,81,83,84,85,86,87,88,89,90,92,93,94,95
24;45;0,2,6,9,10,11,13,14,16,17,18,19,20,24,27,31,32,33,38,40,42,44,45,47,48,50,56,58,59,60,62,65,69,72,74,76,78,79,80,82,88,91,93,95,96
25;67;0,2,3,6,9,10,11,12,13,14,16,17,18,19,20,21,22,24,27,28,30,31,32,33,35,38,40,41,42,43,44,45,47,48,50,51,56,58,59,60,62,63,64,65,66,67,68,69,72,73,74,76,78,79,80,82,83,84,85,88,89,90,91,93,94,95,96
26;77;1,2,3,4,5,6,7,8,10,12,14,15,17,18,19,20,21,22,23,24,25,26,28,29,30,31,32,34,35,36,37,38,39,40,41,42,43,46,48,49,51,52,53,54,55,57,58,59,61,63,64,65,66,67,68,69,70,71,72,73,75,77,78,79,81,83,84,85,86,87,88,89,90,92,93,94,95
27;97;0,1,2,3,4,5,6,7,8,9,10,11,12,13,14,15,16,17,18,19,20,21,22,23,24,25,26,27,28,29,30,31,32,33,34,35,36,37,38,39,40,41,42,43,44,45,46,47,48,49,50,51,52,53,54,55,56,57,58,59,60,61,62,63,64,65,66,67,68,69,70,71,72,73,74,75,76,77,78,79,80,81,82,83,84,85,86,87,88,89,90,91,92,93,94,95,96
28;55;1,2,4,5,6,7,8,10,14,15,17,18,19,20,23,24,25,26,29,31,32,34,36,37,38,39,40,42,46,48,49,52,53,54,55,57,58,59,61,65,69,70,71,72,75,77,78,79,81,86,87,88,92,93,95
29;77;1,2,3,4,5,6,7,8,10,12,14,15,17,18,19,20,21,22,23,24,25,26,28,29,30,31,32,34,35,36,37,38,39,40,41,42,43,46,48,49,51,52,53,54,55,57,58,59,61,63,64,65,66,67,68,69,70,71,72,73,75,77,78,79,81,83,84,85,86,87,88,89,90,92,93,94,95
