[METADATA]
NUM_REGIOES=20
NUM_CLIENTES=193
NUM_VEICULOS=20
NUM_OFERTAS=97
NUM_ITENS=97

[TIPOS_ITENS]
0;chapa
1;tira
2;perfil
3;tubo

[REGIOES]
0
1
2
3
4
5
6
7
8
9
10
11
12
13
14
15
16
17
18
19

[CLIENTES]
0;8,14,19,28
1;30,39
2;3,46
3;83
4;3
5;34
6;30,74,90
7;0,27
8;35,37,47,71
9;9,87,96
10;5,87
11;50
12;54,56,67,79
13;51,74,84
14;26,84
15;17
16;17,24,34
17;7,90
18;20,72
19;45,87,93
20;86
21;0,81
22;0,24,89
23;55,76
24;21,29
25;7,10,34,55
26;0,39
27;81
28;11
29;2,30
30;42,82
31;39
32;20
33;76
34;18,76,77
35;17,93
36;72,76
37;45
38;4
39;6
40;83,96
41;43,64,67
42;58
43;5,39
44;81
45;39
46;81
47;0,17,27
48;45,93
49;7
50;32,51,81,84
51;24,77,82
52;12
53;84
54;3,94
55;73
56;89
57;84,94
58;76
59;33,42
60;33
61;73,75
62;22
63;72,84
64;45,55
65;17,53
66;7,22
67;16,43
68;2,51
69;32,78
70;20,44,89,94
71;0
72;24,59
73;17,24,55
74;34,58,65
75;42,95
76;16,45
77;39,68,94
78;65,73,76
79;89,93
80;73,76
81;7,16
82;2,57
83;46
84;23,36
85;77,92
86;6,52,87
87;7,81
88;33,38,95
89;22,70
90;3,81
91;11,67,93
92;58,88
93;32,59,60
94;91,93
95;59,61,77
96;46
97;55,66
98;3,46,59,77
99;17,42
100;46,58,64,73
101;34,45,59
102;75,85
103;42
104;3,17
105;2,65
106;34
107;48,53
108;7,40
109;24,41
110;22,82
111;18,93
112;40,82
113;61,74
114;50,53,57,76
115;2,39
116;59
117;59,77
118;65
119;30,38,96
120;39,45,81
121;24,77
122;40,59,63
123;39,40,50
124;6,7,42
125;40
126;58
127;7,57,67
128;65
129;33
130;40
131;0,58,84
132;24,40,59
133;24
134;42,87
135;34,43
136;67
137;16,43
138;27,58,93
139;38,39
140;38,59
141;52,77
142;43,55,72,84
143;3,53,96
144;11,24
145;4,63
146;20,24
147;7
148;7,57,69
149;40,46,68
150;1
151;33
152;57,94
153;27,36,51
154;11,52
155;13,15,92
156;17,74
157;20
158;16,24,73
159;27,94
160;39,66,95
161;1,25
162;76,81,84
163;10,78
164;59,89
165;81,92
166;57,67
167;36
168;17
169;33,59
170;84,96
171;7,76
172;9,31
173;64,76
174;42,88,90
175;33,86
176;84
177;32,39
178;64
179;34,62
180;59
181;55
182;39
183;0,42,54,58
184;17,58,63,76
185;49,53,93
186;83,89
187;80
188;9,16
189;26,46,51
190;39,55,75
191;51,73
192;42,81,88

[VEICULOS]
0;23000;40;2800;11500.0
1;74000;100;3550;37000.0
2;33000;70;1650;16500.0
3;41000;75;3950;20500.0
4;74000;100;3550;37000.0
5;33000;50;1350;16500.0
6;33000;70;3300;16500.0
7;41000;75;4700;20500.0
8;57000;90;4500;28500.0
9;33000;50;1500;16500.0
10;33000;50;4200;16500.0
11;33000;50;2250;16500.0
12;57000;90;4500;28500.0
13;41000;75;2300;20500.0
14;74000;110;2900;37000.0
15;45000;85;2500;22500.0
16;33000;50;2400;16500.0
17;33000;50;3900;16500.0
18;74000;110;4550;37000.0
19;33000;50;2400;16500.0

[OFERTAS]
0;3;2669;4.0;3.1
1;2;3332;3.0;6.65
2;1;4244;5.0;8.59
3;0;2908;7.0;3.12
4;2;2512;2.0;2.73
5;3;2179;7.0;4.64
6;1;2365;5.0;3.66
7;3;3517;7.0;6.54
8;3;2751;7.0;3.85
9;1;3279;5.0;5.18
10;2;2990;4.0;4.5
11;0;3398;7.0;6.61
12;0;3062;8.0;7.05
13;0;3545;5.0;5.49
14;0;2457;7.0;4.05
15;3;2672;8.0;3.3
16;3;1883;7.0;3.74
17;3;2172;8.0;4.07
18;1;3064;4.0;6.37
19;1;2694;6.0;4.52
20;1;2492;6.0;3.95
21;1;2366;4.0;4.65
22;2;2146;4.0;3.44
23;1;3303;4.0;7.07
24;0;3024;7.0;6.69
25;3;2662;6.0;4.08
26;0;3536;10.0;5.53
27;1;4250;3.0;9.47
28;3;4019;7.0;9.92
29;3;3033;4.0;6.55
30;0;1742;10.0;3.49
31;3;2481;4.0;2.7
32;0;3492;6.0;7.2
33;0;2916;9.0;4.97
34;3;2635;7.0;3.44
35;3;4052;4.0;9.77
36;0;2348;9.0;3.93
37;1;1705;5.0;2.79
38;2;1977;4.0;3.5
39;2;3283;3.0;7.17
40;3;1422;8.0;2.61
41;1;3169;5.0;5.18
42;1;2258;5.0;4.99
43;0;2073;5.0;4.75
44;1;2137;3.0;3.34
45;1;2585;4.0;3.66
46;3;2191;6.0;3.15
47;0;1813;6.0;3.84
48;1;1689;3.0;2.83
49;3;3225;7.0;7.37
50;0;2849;7.0;2.91
51;3;3476;8.0;7.03
52;2;3710;5.0;5.98
53;2;2275;4.0;4.6
54;0;2903;9.0;3.84
55;0;2410;9.0;3.89
56;2;2299;3.0;3.1
57;2;3699;4.0;7.39
58;3;2985;5.0;2.62
59;0;3096;8.0;6.68
60;3;2387;8.0;4.54
61;3;3374;6.0;7.19
62;1;923;5.0;2.07
63;0;2291;5.0;3.03
64;1;2787;5.0;4.09
65;0;2918;7.0;4.76
66;3;3356;6.0;5.74
67;2;2677;3.0;4.87
68;1;3072;3.0;5.17
69;3;3160;5.0;6.23
70;0;1476;7.0;3.84
71;1;3390;3.0;5.38
72;1;3142;6.0;6.03
73;0;2111;6.0;4.17
74;3;3181;5.0;5.86
75;3;2379;4.0;2.72
76;2;3300;3.0;5.32
77;0;2549;9.0;2.6
78;2;2835;3.0;2.89
79;2;4131;5.0;8.19
80;2;2874;5.0;3.84
81;3;2774;5.0;4.05
82;1;2572;3.0;2.87
83;0;2839;8.0;4.74
84;0;1931;9.0;2.76
85;1;1588;4.0;2.55
86;0;2802;7.0;3.08
87;2;2137;5.0;4.2
88;2;4551;4.0;9.34
89;1;2313;3.0;3.58
90;2;3248;3.0;6.52
91;0;2547;8.0;4.97
92;2;2605;2.0;4.63
93;3;1155;8.0;2.93
94;0;2871;5.0;4.79
95;3;3385;4.0;5.64
96;0;3146;7.0;6.34

[ITENS]
0;0;3;2669;4.0;3.1
1;1;2;3332;3.0;6.65
2;2;1;4244;5.0;8.59
3;3;0;2908;7.0;3.12
4;4;2;2512;2.0;2.73
5;5;3;2179;7.0;4.64
6;6;1;2365;5.0;3.66
7;7;3;3517;7.0;6.54
8;8;3;2751;7.0;3.85
9;9;1;3279;5.0;5.18
10;10;2;2990;4.0;4.5
11;11;0;3398;7.0;6.61
12;12;0;3062;8.0;7.05
13;13;0;3545;5.0;5.49
14;14;0;2457;7.0;4.05
15;15;3;2672;8.0;3.3
16;16;3;1883;7.0;3.74
17;17;3;2172;8.0;4.07
18;18;1;3064;4.0;6.37
19;19;1;2694;6.0;4.52
20;20;1;2492;6.0;3.95
21;21;1;2366;4.0;4.65
22;22;2;2146;4.0;3.44
23;23;1;3303;4.0;7.07
24;24;0;3024;7.0;6.69
25;25;3;2662;6.0;4.08
26;26;0;3536;10.0;5.53
27;27;1;4250;3.0;9.47
28;28;3;4019;7.0;9.92
29;29;3;3033;4.0;6.55
30;30;0;1742;10.0;3.49
31;31;3;2481;4.0;2.7
32;32;0;3492;6.0;7.2
33;33;0;2916;9.0;4.97
34;34;3;2635;7.0;3.44
35;35;3;4052;4.0;9.77
36;36;0;2348;9.0;3.93
37;37;1;1705;5.0;2.79
38;38;2;1977;4.0;3.5
39;39;2;3283;3.0;7.17
40;40;3;1422;8.0;2.61
41;41;1;3169;5.0;5.18
42;42;1;2258;5.0;4.99
43;43;0;2073;5.0;4.75
44;44;1;2137;3.0;3.34
45;45;1;2585;4.0;3.66
46;46;3;2191;6.0;3.15
47;47;0;1813;6.0;3.84
48;48;1;1689;3.0;2.83
49;49;3;3225;7.0;7.37
50;50;0;2849;7.0;2.91
51;51;3;3476;8.0;7.03
52;52;2;3710;5.0;5.98
53;53;2;2275;4.0;4.6
54;54;0;2903;9.0;3.84
55;55;0;2410;9.0;3.89
56;56;2;2299;3.0;3.1
57;57;2;3699;4.0;7.39
58;58;3;2985;5.0;2.62
59;59;0;3096;8.0;6.68
60;60;3;2387;8.0;4.54
61;61;3;3374;6.0;7.19
62;62;1;923;5.0;2.07
63;63;0;2291;5.0;3.03
64;64;1;2787;5.0;4.09
65;65;0;2918;7.0;4.76
66;66;3;3356;6.0;5.74
67;67;2;2677;3.0;4.87
68;68;1;3072;3.0;5.17
69;69;3;3160;5.0;6.23
70;70;0;1476;7.0;3.84
71;71;1;3390;3.0;5.38
72;72;1;3142;6.0;6.03
73;73;0;2111;6.0;4.17
74;74;3;3181;5.0;5.86
75;75;3;2379;4.0;2.72
76;76;2;3300;3.0;5.32
77;77;0;2549;9.0;2.6
78;78;2;2835;3.0;2.89
79;79;2;4131;5.0;8.19
80;80;2;2874;5.0;3.84
81;81;3;2774;5.0;4.05
82;82;1;2572;3.0;2.87
83;83;0;2839;8.0;4.74
84;84;0;1931;9.0;2.76
85;85;1;1588;4.0;2.55
86;86;0;2802;7.0;3.08
87;87;2;2137;5.0;4.2
88;88;2;4551;4.0;9.34
89;89;1;2313;3.0;3.58
90;90;2;3248;3.0;6.52
91;91;0;2547;8.0;4.97
92;92;2;2605;2.0;4.63
93;93;3;1155;8.0;2.93
94;94;0;2871;5.0;4.79
95;95;3;3385;4.0;5.64
96;96;0;3146;7.0;6.34

[PHI]
0;8;7,21,22,26,47,71,131,183
1;2;150,161
2;5;29,68,82,105,115
3;7;2,4,54,90,98,104,143
4;2;38,145
5;2;10,43
6;3;39,86,124
7;12;17,25,49,66,81,87,108,124,127,147,148,171
8;1;0
9;3;9,172,188
10;2;25,163
11;4;28,91,144,154
12;1;52
13;1;155
14;1;0
15;1;155
16;6;67,76,81,137,158,188
17;11;15,16,35,47,65,73,99,104,156,168,184
18;2;34,111
19;1;0
20;5;18,32,70,146,157
21;1;24
22;4;62,66,89,110
23;1;84
24;12;16,22,51,72,73,109,121,132,133,144,146,158
25;1;161
26;2;14,189
27;5;7,47,138,153,159
28;1;0
29;1;24
30;4;1,6,29,119
31;1;172
32;4;50,69,93,177
33;7;59,60,88,129,151,169,175
34;8;5,16,25,74,101,106,135,179
35;1;8
36;3;84,153,167
37;1;8
38;4;88,119,139,140
39;14;1,26,31,43,45,77,115,120,123,139,160,177,182,190
40;8;108,112,122,123,125,130,132,149
41;1;109
42;10;30,59,75,99,103,124,134,174,183,192
43;5;41,67,135,137,142
44;1;70
45;7;19,37,48,64,76,101,120
46;7;2,83,96,98,100,149,189
47;1;8
48;1;107
49;1;185
50;3;11,114,123
51;6;13,50,68,153,189,191
52;3;86,141,154
53;5;65,107,114,143,185
54;2;12,183
55;8;23,25,64,73,97,142,181,190
56;1;12
57;6;82,114,127,148,152,166
58;9;42,74,92,100,126,131,138,183,184
59;13;72,93,95,98,101,116,117,122,132,140,164,169,180
60;1;93
61;2;95,113
62;1;179
63;3;122,145,184
64;4;41,100,173,178
65;5;74,78,105,118,128
66;2;97,160
67;6;12,41,91,127,136,166
68;2;77,149
69;1;148
70;1;89
71;1;8
72;4;18,36,63,142
73;7;55,61,78,80,100,158,191
74;4;6,13,113,156
75;3;61,102,190
76;12;23,33,34,36,58,78,80,114,162,171,173,184
77;8;34,51,85,95,98,117,121,141
78;2;69,163
79;1;12
80;1;187
81;11;21,27,44,46,50,87,90,120,162,165,192
82;4;30,51,110,112
83;3;3,40,186
84;11;13,14,50,53,57,63,131,142,162,170,176
85;1;102
86;2;20,175
87;5;9,10,19,86,134
88;3;92,174,192
89;6;22,56,70,79,164,186
90;3;6,17,174
91;1;94
92;3;85,155,165
93;9;19,35,48,79,91,94,111,138,185
94;6;54,57,70,77,152,159
95;3;75,88,160
96;5;9,40,119,143,170

[PSI]
0;16;0,3,5,7,8,9,10,11,12,13,14,15,16,17,18,19
1;20;0,1,2,3,4,5,6,7,8,9,10,11,12,13,14,15,16,17,18,19
2;17;2,3,5,6,7,8,9,10,11,12,13,14,15,16,17,18,19
3;9;1,2,4,6,8,12,14,15,18
4;20;0,1,2,3,4,5,6,7,8,9,10,11,12,13,14,15,16,17,18,19
5;16;0,3,5,7,8,9,10,11,12,13,14,15,16,17,18,19
6;17;2,3,5,6,7,8,9,10,11,12,13,14,15,16,17,18,19
7;16;0,3,5,7,8,9,10,11,12,13,14,15,16,17,18,19
8;16;0,3,5,7,8,9,10,11,12,13,14,15,16,17,18,19
9;17;2,3,5,6,7,8,9,10,11,12,13,14,15,16,17,18,19
10;20;0,1,2,3,4,5,6,7,8,9,10,11,12,13,14,15,16,17,18,19
11;9;1,2,4,6,8,12,14,15,18
12;9;1,2,4,6,8,12,14,15,18
13;9;1,2,4,6,8,12,14,15,18
14;9;1,2,4,6,8,12,14,15,18
15;16;0,3,5,7,8,9,10,11,12,13,14,15,16,17,18,19
16;16;0,3,5,7,8,9,10,11,12,13,14,15,16,17,18,19
17;16;0,3,5,7,8,9,10,11,12,13,14,15,16,17,18,19
18;17;2,3,5,6,7,8,9,10,11,12,13,14,15,16,17,18,19
19;17;2,3,5,6,7,8,9,10,11,12,13,14,15,16,17,18,19
20;17;2,3,5,6,7,8,9,10,11,12,13,14,15,16,17,18,19
21;17;2,3,5,6,7,8,9,10,11,12,13,14,15,16,17,18,19
22;20;0,1,2,3,4,5,6,7,8,9,10,11,12,13,14,15,16,17,18,19
23;17;2,3,5,6,7,8,9,10,11,12,13,14,15,16,17,18,19
24;9;1,2,4,6,8,12,14,15,18
25;16;0,3,5,7,8,9,10,11,12,13,14,15,16,17,18,19
26;9;1,2,4,6,8,12,14,15,18
27;17;2,3,5,6,7,8,9,10,11,12,13,14,15,16,17,18,19
28;16;0,3,5,7,8,9,10,11,12,13,14,15,16,17,18,19
29;16;0,3,5,7,8,9,10,11,12,13,14,15,16,17,18,19
30;9;1,2,4,6,8,12,14,15,18
31;16;0,3,5,7,8,9,10,11,12,13,14,15,16,17,18,19
32;9;1,2,4,6,8,12,14,15,18
33;9;1,2,4,6,8,12,14,15,18
34;16;0,3,5,7,8,9,10,11,12,13,14,15,16,17,18,19
35;16;0,3,5,7,8,9,10,11,12,13,14,15,16,17,18,19
36;9;1,2,4,6,8,12,14,15,18
37;17;2,3,5,6,7,8,9,10,11,12,13,14,15,16,17,18,19
38;20;0,1,2,3,4,5,6,7,8,9,10,11,12,13,14,15,16,17,18,19
39;20;0,1,2,3,4,5,6,7,8,9,10,11,12,13,14,15,16,17,18,19
40;16;0,3,5,7,8,9,10,11,12,13,14,15,16,17,18,19
41;17;2,3,5,6,7,8,9,10,11,12,13,14,15,16,17,18,19
42;17;2,3,5,6,7,8,9,10,11,12,13,14,15,16,17,18,19
43;9;1,2,4,6,8,12,14,15,18
44;17;2,3,5,6,7,8,9,10,11,12,13,14,15,16,17,18,19
45;17;2,3,5,6,7,8,9,10,11,12,13,14,15,16,17,18,19
46;16;0,3,5,7,8,9,10,11,12,13,14,15,16,17,18,19
47;9;1,2,4,6,8,12,14,15,18
48;17;2,3,5,6,7,8,9,10,11,12,13,14,15,16,17,18,19
49;16;0,3,5,7,8,9,10,11,12,13,14,15,16,17,18,19
50;9;1,2,4,6,8,12,14,15,18
51;16;0,3,5,7,8,9,10,11,12,13,14,15,16,17,18,19
52;20;0,1,2,3,4,5,6,7,8,9,10,11,12,13,14,15,16,17,18,19
53;20;0,1,2,3,4,5,6,7,8,9,10,11,12,13,14,15,16,17,18,19
54;9;1,2,4,6,8,12,14,15,18
55;9;1,2,4,6,8,12,14,15,18
56;20;0,1,2,3,4,5,6,7,8,9,10,11,12,13,14,15,16,17,18,19
57;20;0,1,2,3,4,5,6,7,8,9,10,11,12,13,14,15,16,17,18,19
58;16;0,3,5,7,8,9,10,11,12,13,14,15,16,17,18,19
59;9;1,2,4,6,8,12,14,15,18
60;16;0,3,5,7,8,9,10,11,12,13,14,15,16,17,18,19
61;16;0,3,5,7,8,9,10,11,12,13,14,15,16,17,18,19
62;17;2,3,5,6,7,8,9,10,11,12,13,14,15,16,17,18,19
63;9;1,2,4,6,8,12,14,15,18
64;17;2,3,5,6,7,8,9,10,11,12,13,14,15,16,17,18,19
65;9;1,2,4,6,8,12,14,15,18
66;16;0,3,5,7,8,9,10,11,12,13,14,15,16,17,18,19
67;20;0,1,2,3,4,5,6,7,8,9,10,11,12,13,14,15,16,17,18,19
68;17;2,3,5,6,7,8,9,10,11,12,13,14,15,16,17,18,19
69;16;0,3,5,7,8,9,10,11,12,13,14,15,16,17,18,19
70;9;1,2,4,6,8,12,14,15,18
71;17;2,3,5,6,7,8,9,10,11,12,13,14,15,16,17,18,19
72;17;2,3,5,6,7,8,9,10,11,12,13,14,15,16,17,18,19
73;9;1,2,4,6,8,12,14,15,18
74;16;0,3,5,7,8,9,10,11,12,13,14,15,16,17,18,19
75;16;0,3,5,7,8,9,10,11,12,13,14,15,16,17,18,19
76;20;0,1,2,3,4,5,6,7,8,9,10,11,12,13,14,15,16,17,18,19
77;9;1,2,4,6,8,12,14,15,18
78;20;0,1,2,3,4,5,6,7,8,9,10,11,12,13,14,15,16,17,18,19
79;20;0,1,2,3,4,5,6,7,8,9,10,11,12,13,14,15,16,17,18,19
80;20;0,1,2,3,4,5,6,7,8,9,10,11,12,13,14,15,16,17,18,19
81;16;0,3,5,7,8,9,10,11,12,13,14,15,16,17,18,19
82;17;2,3,5,6,7,8,9,10,11,12,13,14,15,16,17,18,19
83;9;1,2,4,6,8,12,14,15,18
84;9;1,2,4,6,8,12,14,15,18
85;17;2,3,5,6,7,8,9,10,11,12,13,14,15,16,17,18,19
86;9;1,2,4,6,8,12,14,15,18
87;20;0,1,2,3,4,5,6,7,8,9,10,11,12,13,14,15,16,17,18,19
88;20;0,1,2,3,4,5,6,7,8,9,10,11,12,13,14,15,16,17,18,19
89;17;2,3,5,6,7,8,9,10,11,12,13,14,15,16,17,18,19
90;20;0,1,2,3,4,5,6,7,8,9,10,11,12,13,14,15,16,17,18,19
91;9;1,2,4,6,8,12,14,15,18
92;20;0,1,2,3,4,5,6,7,8,9,10,11,12,13,14,15,16,17,18,19
93;16;0,3,5,7,8,9,10,11,12,13,14,15,16,17,18,19
94;9;1,2,4,6,8,12,14,15,18
95;16;0,3,5,7,8,9,10,11,12,13,14,15,16,17,18,19
96;9;1,2,4,6,8,12,14,15,18

[GAMMA]
0;122;17,18,19,20,21,22,23,24,25,26,27,28,29,30,31,32,33,34,35,36,37,38,39,40,41,42,43,44,45,46,47,48,49,60,61,62,63,64,65,66,67,68,69,70,71,72,73,74,75,76,77,78,79,80,81,82,83,84,85,86,87,88,103,104,105,106,107,108,109,110,111,112,113,114,115,116,136,137,138,139,140,141,142,143,144,145,146,147,148,149,150,151,152,153,154,155,156,157,158,159,160,161,162,163,164,171,172,173,174,175,176,177,178,179,180,181,182,183,184,185,186,187
1;84;0,1,2,3,4,5,6,7,8,9,17,18,19,20,21,22,23,24,25,26,27,28,29,30,50,51,52,53,54,55,56,57,58,59,73,74,75,76,77,78,103,104,105,106,107,108,109,110,111,112,113,114,115,116,117,118,119,120,121,122,123,124,125,126,127,128,129,130,131,132,133,134,135,165,166,167,168,169,170,188,189,190,191,192
2;24;0,1,2,3,4,5,6,7,8,9,17,18,19,20,21,22,23,24,25,26,27,28,29,30
3;146;10,11,12,13,14,15,16,17,18,19,20,21,22,23,24,25,26,27,28,29,30,31,32,33,34,35,36,37,38,39,40,41,42,43,44,45,46,47,48,49,50,51,52,53,54,55,56,57,58,59,89,90,91,92,93,94,95,96,97,98,99,100,101,102,103,104,105,106,107,108,109,110,111,112,113,114,115,116,117,118,119,120,121,122,123,124,125,126,127,136,137,138,139,140,141,142,143,144,145,146,147,148,149,150,151,152,153,154,155,156,157,158,159,160,161,162,163,164,165,166,167,168,169,170,171,172,173,174,175,176,177,178,179,180,181,182,183,184,185,186,187,188,189,190,191,192
4;93;31,32,33,34,35,36,37,38,39,40,41,50,51,52,53,54,55,56,57,58,59,89,90,91,92,93,94,95,96,97,98,99,100,101,102,103,104,105,106,107,108,109,110,111,112,113,114,115,116,128,129,130,131,132,133,134,135,143,144,145,146,147,148,149,150,151,152,153,154,155,156,157,158,159,160,161,162,163,164,165,166,167,168,169,170,180,181,182,183,184,185,186,187
5;7;10,11,12,13,14,15,16
6;126;0,1,2,3,4,5,6,7,8,9,17,18,19,20,21,22,23,24,25,26,27,28,29,30,31,32,33,34,35,36,37,38,39,40,41,42,43,44,45,46,47,48,49,50,51,52,53,54,55,56,57,58,59,73,74,75,76,77,78,103,104,105,106,107,108,109,110,111,112,113,114,115,116,117,118,119,120,121,122,123,124,125,126,127,143,144,145,146,147,148,149,150,151,152,153,154,155,156,157,158,159,160,161,162,163,164,165,166,167,168,169,170,171,172,173,174,175,176,177,178,179,188,189,190,191,192
7;193;0,1,2,3,4,5,6,7,8,9,10,11,12,13,14,15,16,17,18,19,20,21,22,23,24,25,26,27,28,29,30,31,32,33,34,35,36,37,38,39,40,41,42,43,44,45,46,47,48,49,50,51,52,53,54,55,56,57,58,59,60,61,62,63,64,65,66,67,68,69,70,71,72,73,74,75,76,77,78,79,80,81,82,83,84,85,86,87,88,89,90,91,92,93,94,95,96,97,98,99,100,101,102,103,104,105,106,107,108,109,110,111,112,113,114,115,116,117,118,119,120,121,122,123,124,125,126,127,128,129,130,131,132,133,134,135,136,137,138,139,140,141,142,143,144,145,146,147,148,149,150,151,152,153,154,155,156,157,158,159,160,161,162,163,164,165,166,167,168,169,170,171,172,173,174,175,176,177,178,179,180,181,182,183,184,185,186,187,188,189,190,191,192
8;193;0,1,2,3,4,5,6,7,8,9,10,11,12,13,14,15,16,17,18,19,20,21,22,23,24,25,26,27,28,29,30,31,32,33,34,35,36,37,38,39,40,41,42,43,44,45,46,47,48,49,50,51,52,53,54,55,56,57,58,59,60,61,62,63,64,65,66,67,68,69,70,71,72,73,74,75,76,77,78,79,80,81,82,83,84,85,86,87,88,89,90,91,92,93,94,95,96,97,98,99,100,101,102,103,104,105,106,107,108,109,110,111,112,113,114,115,116,117,118,119,120,121,122,123,124,125,126,127,128,129,130,131,132,133,134,135,136,137,138,139,140,141,142,143,144,145,146,147,148,149,150,151,152,153,154,155,156,157,158,159,160,161,162,163,164,165,166,167,168,169,170,171,172,173,174,175,176,177,178,179,180,181,182,183,184,185,186,187,188,189,190,191,192
9;24;79,80,81,82,83,84,85,86,87,88,89,90,91,92,93,94,95,96,97,98,99,100,101,102
10;193;0,1,2,3,4,5,6,7,8,9,10,11,12,13,14,15,16,17,18,19,20,21,22,23,24,25,26,27,28,29,30,31,32,33,34,35,36,37,38,39,40,41,42,43,44,45,46,47,48,49,50,51,52,53,54,55,56,57,58,59,60,61,62,63,64,65,66,67,68,69,70,71,72,73,74,75,76,77,78,79,80,81,82,83,84,85,86,87,88,89,90,91,92,93,94,95,96,97,98,99,100,101,102,103,104,105,106,107,108,109,110,111,112,113,114,115,116,117,118,119,120,121,122,123,124,125,126,127,128,129,130,131,132,133,134,135,136,137,138,139,140,141,142,143,144,145,146,147,148,149,150,151,152,153,154,155,156,157,158,159,160,161,162,163,164,165,166,167,168,169,170,171,172,173,174,175,176,177,178,179,180,181,182,183,184,185,186,187,188,189,190,191,192
11;75;17,18,19,20,21,22,23,24,25,26,27,28,29,30,31,32,33,34,35,36,37,38,39,40,41,50,51,52,53,54,55,56,57,58,59,73,74,75,76,77,78,89,90,91,92,93,94,95,96,97,98,99,100,101,102,143,144,145,146,147,148,149,150,151,152,153,171,172,173,174,175,176,177,178,179
12;193;0,1,2,3,4,5,6,7,8,9,10,11,12,13,14,15,16,17,18,19,20,21,22,23,24,25,26,27,28,29,30,31,32,33,34,35,36,37,38,39,40,41,42,43,44,45,46,47,48,49,50,51,52,53,54,55,56,57,58,59,60,61,62,63,64,65,66,67,68,69,70,71,72,73,74,75,76,77,78,79,80,81,82,83,84,85,86,87,88,89,90,91,92,93,94,95,96,97,98,99,100,101,102,103,104,105,106,107,108,109,110,111,112,113,114,115,116,117,118,119,120,121,122,123,124,125,126,127,128,129,130,131,132,133,134,135,136,137,138,139,140,141,142,143,144,145,146,147,148,149,150,151,152,153,154,155,156,157,158,159,160,161,162,163,164,165,166,167,168,169,170,171,172,173,174,175,176,177,178,179,180,181,182,183,184,185,186,187,188,189,190,191,192
13;39;10,11,12,13,14,15,16,79,80,81,82,83,84,85,86,87,88,117,118,119,120,121,122,123,124,125,126,127,154,155,156,157,158,159,160,161,162,163,164
14;62;50,51,52,53,54,55,56,57,58,59,60,61,62,63,64,65,66,67,68,69,70,71,72,79,80,81,82,83,84,85,86,87,88,103,104,105,106,107,108,109,110,111,112,113,114,115,116,165,166,167,168,169,170,171,172,173,174,175,176,177,178,179
15;59;10,11,12,13,14,15,16,50,51,52,53,54,55,56,57,58,59,73,74,75,76,77,78,89,90,91,92,93,94,95,96,97,98,99,100,101,102,103,104,105,106,107,108,109,110,111,112,113,114,115,116,180,181,182,183,184,185,186,187
16;85;17,18,19,20,21,22,23,24,25,26,27,28,29,30,31,32,33,34,35,36,37,38,39,40,41,42,43,44,45,46,47,48,49,50,51,52,53,54,55,56,57,58,59,60,61,62,63,64,65,66,67,68,69,70,71,72,79,80,81,82,83,84,85,86,87,88,117,118,119,120,121,122,123,124,125,126,127,128,129,130,131,132,133,134,135
17;172;0,1,2,3,4,5,6,7,8,9,10,11,12,13,14,15,16,17,18,19,20,21,22,23,24,25,26,27,28,29,30,31,32,33,34,35,36,37,38,39,40,41,42,43,44,45,46,47,48,49,50,51,52,53,54,55,56,57,58,59,73,74,75,76,77,78,79,80,81,82,83,84,85,86,87,88,89,90,91,92,93,94,95,96,97,98,99,100,101,102,103,104,105,106,107,108,109,110,111,112,113,114,115,116,117,118,119,120,121,122,123,124,125,126,127,136,137,138,139,140,141,142,143,144,145,146,147,148,149,150,151,152,153,154,155,156,157,158,159,160,161,162,163,164,165,166,167,168,169,170,171,172,173,174,175,176,177,178,179,180,181,182,183,184,185,186,187,188,189,190,191,192
18;164;0,1,2,3,4,5,6,7,8,9,10,11,12,13,14,15,16,17,18,19,20,21,22,23,24,25,26,27,28,29,30,31,32,33,34,35,36,37,38,39,40,41,42,43,44,45,46,47,48,49,60,61,62,63,64,65,66,67,68,69,70,71,72,73,74,75,76,77,78,79,80,81,82,83,84,85,86,87,88,103,104,105,106,107,108,109,110,111,112,113,114,115,116,117,118,119,120,121,122,123,124,125,126,127,128,129,130,131,132,133,134,135,136,137,138,139,140,141,142,143,144,145,146,147,148,149,150,151,152,153,154,155,156,157,158,159,160,161,162,163,164,165,166,167,168,169,170,171,172,173,174,175,176,177,178,179,180,181,182,183,184,185,186,187
19;80;10,11,12,13,14,15,16,31,32,33,34,35,36,37,38,39,40,41,50,51,52,53,54,55,56,57,58,59,79,80,81,82,83,84,85,86,87,88,103,104,105,106,107,108,109,110,111,112,113,114,115,116,117,118,119,120,121,122,123,124,125,126,127,171,172,173,174,175,176,177,178,179,180,181,182,183,184,185,186,187

[OMEGA]
0;46;0,1,4,5,7,8,10,15,16,17,22,25,28,29,31,34,35,38,39,40,46,49,51,52,53,56,57,58,60,61,66,67,69,74,75,76,78,79,80,81,87,88,90,92,93,95
1;47;1,3,4,10,11,12,13,14,22,24,26,30,32,33,36,38,39,43,47,50,52,53,54,55,56,57,59,63,65,67,70,73,76,77,78,79,80,83,84,86,87,88,90,91,92,94,96
2;70;1,2,3,4,6,9,10,11,12,13,14,18,19,20,21,22,23,24,26,27,30,32,33,36,37,38,39,41,42,43,44,45,47,48,50,52,53,54,55,56,57,59,62,63,64,65,67,68,70,71,72,73,76,77,78,79,80,82,83,84,85,86,87,88,89,90,91,92,94,96
3;69;0,1,2,4,5,6,7,8,9,10,15,16,17,18,19,20,21,22,23,25,27,28,29,31,34,35,37,38,39,40,41,42,44,45,46,48,49,51,52,53,56,57,58,60,61,62,64,66,67,68,69,71,72,74,75,76,78,79,80,81,82,85,87,88,89,90,92,93,95
4;47;1,3,4,10,11,12,13,14,22,24,26,30,32,33,36,38,39,43,47,50,52,53,54,55,56,57,59,63,65,67,70,73,76,77,78,79,80,83,84,86,87,88,90,91,92,94,96
5;69;0,1,2,4,5,6,7,8,9,10,15,16,17,18,19,20,21,22,23,25,27,28,29,31,34,35,37,38,39,40,41,42,44,45,46,48,49,51,52,53,56,57,58,60,61,62,64,66,67,68,69,71,72,74,75,76,78,79,80,81,82,85,87,88,89,90,92,93,95
6;70;1,2,3,4,6,9,10,11,12,13,14,18,19,20,21,22,23,24,26,27,30,32,33,36,37,38,39,41,42,43,44,45,47,48,50,52,53,54,55,56,57,59,62,63,64,65,67,68,70,71,72,73,76,77,78,79,80,82,83,84,85,86,87,88,89,90,91,92,94,96
7;69;0,1,2,4,5,6,7,8,9,10,15,16,17,18,19,20,21,22,23,25,27,28,29,31,34,35,37,38,39,40,41,42,44,45,46,48,49,51,52,53,56,57,58,60,61,62,64,66,67,68,69,71,72,74,75,76,78,79,80,81,82,85,87,88,89,90,92,93,95
8;97;0,1,2,3,4,5,6,7,8,9,10,11,12,13,14,15,16,17,18,19,20,21,22,23,24,25,26,27,28,29,30,31,32,33,34,35,36,37,38,39,40,41,42,43,44,45,46,47,48,49,50,51,52,53,54,55,56,57,58,59,60,61,62,63,64,65,66,67,68,69,70,71,72,73,74,75,76,77,78,79,80,81,82,83,84,85,86,87,88,89,90,91,92,93,94,95,96
9;69;0,1,2,4,5,6,7,8,9,10,15,16,17,18,19,20,21,22,23,25,27,28,29,31,34,35,37,38,39,40,41,42,44,45,46,48,49,51,52,53,56,57,58,60,61,62,64,66,67,68,69,71,72,74,75,76,78,79,80,81,82,85,87,88,89,90,92,93,95
10;69;0,1,2,4,5,6,7,8,9,10,15,16,17,18,19,20,21,22,23,25,27,28,29,31,34,35,37,38,39,40,41,42,44,45,46,48,49,51,52,53,56,57,58,60,61,62,64,66,67,68,69,71,72,74,75,76,78,79,80,81,82,85,87,88,89,90,92,93,95
11;69;0,1,2,4,5,6,7,8,9,10,15,16,17,18,19,20,21,22,23,25,27,28,29,31,34,35,37,38,39,40,41,42,44,45,46,48,49,51,52,53,56,57,58,60,61,62,64,66,67,68,69,71,72,74,75,76,78,79,80,81,82,85,87,88,89,90,92,93,95
12;97;0,1,2,3,4,5,6,7,8,9,10,11,12,13,14,15,16,17,18,19,20,21,22,23,24,25,26,27,28,29,30,31,32,33,34,35,36,37,38,39,40,41,42,43,44,45,46,47,48,49,50,51,52,53,54,55,56,57,58,59,60,61,62,63,64,65,66,67,68,69,70,71,72,73,74,75,76,77,78,79,80,81,82,83,84,85,86,87,88,89,90,91,92,93,94,95,96
13;69;0,1,2,4,5,6,7,8,9,10,15,16,17,18,19,20,21,22,23,25,27,28,29,31,34,35,37,38,39,40,41,42,44,45,46,48,49,51,52,53,56,57,58,60,61,62,64,66,67,68,69,71,72,74,75,76,78,79,80,81,82,85,87,88,89,90,92,93,95
14;97;0,1,2,3,4,5,6,7,8,9,10,11,12,13,14,15,16,17,18,19,20,21,22,23,24,25,26,27,28,29,30,31,32,33,34,35,36,37,38,39,40,41,42,43,44,45,46,47,48,49,50,51,52,53,54,55,56,57,58,59,60,61,62,63,64,65,66,67,68,69,70,71,72,73,74,75,76,77,78,79,80,81,82,83,84,85,86,87,88,89,90,91,92,93,94,95,96
15;97;0,1,2,3,4,5,6,7,8,9,10,11,12,13,14,15,16,17,18,19,20,21,22,23,24,25,26,27,28,29,30,31,32,33,34,35,36,37,38,39,40,41,42,43,44,45,46,47,48,49,50,51,52,53,54,55,56,57,58,59,60,61,62,63,64,65,66,67,68,69,70,71,72,73,74,75,76,77,78,79,80,81,82,83,84,85,86,87,88,89,90,91,92,93,94,95,96
16;69;0,1,2,4,5,6,7,8,9,10,15,16,17,18,19,20,21,22,23,25,27,28,29,31,34,35,37,38,39,40,41,42,44,45,46,48,49,51,52,53,56,57,58,60,61,62,64,66,67,68,69,71,72,74,75,76,78,79,80,81,82,85,87,88,89,90,92,93,95
17;69;0,1,2,4,5,6,7,8,9,10,15,16,17,18,19,20,21,22,23,25,27,28,29,31,34,35,37,38,39,40,41,42,44,45,46,48,49,51,52,53,56,57,58,60,61,62,64,66,67,68,69,71,72,74,75,76,78,79,80,81,82,85,87,88,89,90,92,93,95
18;97;0,1,2,3,4,5,6,7,8,9,10,11,12,13,14,15,16,17,18,19,20,21,22,23,24,25,26,27,28,29,30,31,32,33,34,35,36,37,38,39,40,41,42,43,44,45,46,47,48,49,50,51,52,53,54,55,56,57,58,59,60,61,62,63,64,65,66,67,68,69,70,71,72,73,74,75,76,77,78,79,80,81,82,83,84,85,86,87,88,89,90,91,92,93,94,95,96
19;69;0,1,2,4,5,6,7,8,9,10,15,16,17,18,19,20,21,22,23,25,27,28,29,31,34,35,37,38,39,40,41,42,44,45,46,48,49,51,52,53,56,57,58,60,61,62,64,66,67,68,69,71,72,74,75,76,78,79,80,81,82,85,87,88,89,90,92,93,95
