[METADATA]
NUM_REGIOES=10
NUM_CLIENTES=48
NUM_VEICULOS=20
NUM_OFERTAS=24
NUM_ITENS=24

[TIPOS_ITENS]
0;chapa
1;tira
2;perfil
3;tubo

[REGIOES]
0
1
2
3
4
5
6
7
8
9

[CLIENTES]
0;3,4,5,9,10,11,13,15,18,19
1;0,9,11,13,14,15,17,18,19
2;0,3,4,5,6,9,14,15,18,20,21,22
3;0,1,3,5,8,17,19,20,22
4;0,4,5,6,9,11,12,13,14,15,19,20,21,22
5;0,5,6,9,14,15,19,23
6;5,6,9,10,11,13,14,19,20
7;5,6,7,9,10,13,15,18,20
8;1,3,5,6,13,18,19,20
9;5,6,9,12,13,14,15,18,20,21,23
10;2,4,6,9,14,15,17,20,22,23
11;0,4,5,6,8,9,15,16,18,19,20
12;4,5,10,14,19,20,23
13;5,9,11,12,17,18,19
14;1,2,3,4,9,10,11,13,17,18,20
15;2,5,6,9,11,14,15,18,19,20,23
16;1,2,9,10,15,18,19,20,21,22
17;0,4,5,6,9,10,11,12,13,15,17,18,20,22
18;0,1,3,4,6,10,17,19,20,22
19;0,2,9,15,17,18,19,20,21,22,23
20;4,5,6,9,10,14,18,20
21;0,8,10,11,12,14,16,17,19
22;5,9,10,12,13,14,17,18,20,21
23;0,1,2,5,9,10,11,14,15,17,21,23
24;0,2,3,5,6,10,12,15,18,20,22
25;0,3,4,5,6,8,9,15,17,19,20,22,23
26;0,5,9,10,11,12,13,15,17,19,20,22,23
27;0,5,6,8,9,10,11,12,18,19,20,22
28;0,4,10,12,13,14,17,19,20,22,23
29;3,4,5,6,7,12,13,17,18,20,21,22
30;0,3,5,6,9,10,14,19,20,22
31;0,4,6,9,14,20
32;0,4,5,9,11,15,17,19,20,22
33;0,1,2,4,5,8,9,10,12,15,17,20,22,23
34;0,3,4,5,6,13,17,18,19,20,21,22
35;0,1,2,5,6,10,11,13,14,18,19,20,22
36;0,4,5,6,9,10,13,14,15,17,19,20,22
37;4,9,10,15,17,18,19,20,23
38;0,3,4,11,14,18,19,20,22
39;1,2,4,5,6,7,13,15,19,20,22,23
40;0,4,6,13,15,17,18,20,21,22
41;0,5,10,11,14,15,17,18,19,20
42;0,6,9,10,11,15,17,19,20
43;0,2,4,5,6,9,10,11,13,17,20,23
44;0,5,9,11,12,13,15,18,19,20
45;5,7,9,10,15,17,19,23
46;0,1,5,8,9,10,12,15,19,20
47;0,3,5,6,8,9,13,15,17,20,22

[VEICULOS]
0;33000;70;2550;16500.0
1;45000;85;1750;22500.0
2;33000;50;2250;16500.0
3;33000;70;2700;16500.0
4;74000;100;3400;37000.0
5;33000;70;2250;16500.0
6;45000;85;1900;22500.0
7;57000;90;2850;28500.0
8;33000;50;1650;16500.0
9;23000;40;1300;11500.0
10;33000;50;1350;16500.0
11;74000;100;3550;37000.0
12;74000;100;3250;37000.0
13;41000;75;2450;20500.0
14;57000;90;1650;28500.0
15;41000;75;2450;20500.0
16;57000;90;3000;28500.0
17;57000;90;1800;28500.0
18;45000;85;3100;22500.0
19;23000;40;1750;11500.0

[OFERTAS]
0;3;2819;4.0;4.19
1;2;2397;3.0;4.52
2;2;3125;5.0;5.97
3;0;2109;9.0;4.19
4;1;3319;5.0;7.04
5;3;1888;8.0;3.15
6;1;1741;5.0;3.37
7;2;3583;3.0;7.14
8;0;2273;10.0;2.9
9;3;2912;5.0;3.95
10;0;2872;8.0;4.23
11;0;1898;5.0;2.94
12;1;3561;6.0;6.62
13;0;2175;8.0;3.27
14;2;1791;5.0;3.11
15;0;2209;10.0;3.72
16;2;2759;4.0;3.94
17;0;3767;7.0;5.58
18;3;2779;8.0;2.94
19;0;2653;10.0;3.2
20;3;3081;8.0;7.41
21;2;2699;3.0;3.26
22;0;2101;10.0;3.89
23;1;2390;3.0;4.83

[ITENS]
0;0;3;2819;4.0;4.19
1;1;2;2397;3.0;4.52
2;2;2;3125;5.0;5.97
3;3;0;2109;9.0;4.19
4;4;1;3319;5.0;7.04
5;5;3;1888;8.0;3.15
6;6;1;1741;5.0;3.37
7;7;2;3583;3.0;7.14
8;8;0;2273;10.0;2.9
9;9;3;2912;5.0;3.95
10;10;0;2872;8.0;4.23
11;11;0;1898;5.0;2.94
12;12;1;3561;6.0;6.62
13;13;0;2175;8.0;3.27
14;14;2;1791;5.0;3.11
15;15;0;2209;10.0;3.72
16;16;2;2759;4.0;3.94
17;17;0;3767;7.0;5.58
18;18;3;2779;8.0;2.94
19;19;0;2653;10.0;3.2
20;20;3;3081;8.0;7.41
21;21;2;2699;3.0;3.26
22;22;0;2101;10.0;3.89
23;23;1;2390;3.0;4.83

[PHI]
0;31;1,2,3,4,5,11,17,18,19,21,23,24,25,26,27,28,30,31,32,33,34,35,36,38,40,41,42,43,44,46,47
1;10;3,8,14,16,18,23,33,35,39,46
2;11;10,14,15,16,19,23,24,33,35,39,43
3;13;0,2,3,8,14,18,24,25,29,30,34,38,47
4;23;0,2,4,10,11,12,14,17,18,20,25,28,29,31,32,33,34,36,37,38,39,40,43
5;35;0,2,3,4,5,6,7,8,9,11,12,13,15,17,20,22,23,24,25,26,27,29,30,32,33,34,35,36,39,41,43,44,45,46,47
6;27;2,4,5,6,7,8,9,10,11,15,17,18,20,24,25,27,29,30,31,34,35,36,39,40,42,43,47
7;4;7,29,39,45
8;8;3,11,21,25,27,33,46,47
9;34;0,1,2,4,5,6,7,9,10,11,13,14,15,16,17,19,20,22,23,25,26,27,30,31,32,33,36,37,42,43,44,45,46,47
10;26;0,6,7,12,14,16,17,18,20,21,22,23,24,26,27,28,30,33,35,36,37,41,42,43,45,46
11;19;0,1,4,6,13,14,15,17,21,23,26,27,32,35,38,41,42,43,44
12;14;4,9,13,17,21,22,24,26,27,28,29,33,44,46
13;21;0,1,4,6,7,8,9,14,17,22,26,28,29,34,35,36,39,40,43,44,47
14;20;1,2,4,5,6,9,10,12,15,20,21,22,23,28,30,31,35,36,38,41
15;29;0,1,2,4,5,7,9,10,11,15,16,17,19,23,24,25,26,32,33,36,37,39,40,41,42,44,45,46,47
16;2;11,21
17;26;1,3,10,13,14,17,18,19,21,22,23,25,26,28,29,32,33,34,36,37,40,41,42,43,45,47
18;25;0,1,2,7,8,9,11,13,14,15,16,17,19,20,22,24,27,29,34,35,37,38,40,41,44
19;32;0,1,3,4,5,6,8,11,12,13,15,16,18,19,21,25,26,27,28,30,32,34,35,36,37,38,39,41,42,44,45,46
20;41;2,3,4,6,7,8,9,10,11,12,14,15,16,17,18,19,20,22,24,25,26,27,28,29,30,31,32,33,34,35,36,37,38,39,40,41,42,43,44,46,47
21;10;2,4,9,16,19,22,23,29,34,40
22;24;2,3,4,10,16,17,18,19,24,25,26,27,28,29,30,32,33,34,35,36,38,39,40,47
23;15;5,9,10,12,15,19,23,25,26,28,33,37,39,43,45

[PSI]
0;14;1,2,6,7,8,9,10,13,14,15,16,17,18,19
1;20;0,1,2,3,4,5,6,7,8,9,10,11,12,13,14,15,16,17,18,19
2;20;0,1,2,3,4,5,6,7,8,9,10,11,12,13,14,15,16,17,18,19
3;13;0,1,3,4,5,6,7,11,12,14,16,17,18
4;15;0,1,2,3,5,6,7,8,10,13,14,15,16,17,18
5;14;1,2,6,7,8,9,10,13,14,15,16,17,18,19
6;15;0,1,2,3,5,6,7,8,10,13,14,15,16,17,18
7;20;0,1,2,3,4,5,6,7,8,9,10,11,12,13,14,15,16,17,18,19
8;13;0,1,3,4,5,6,7,11,12,14,16,17,18
9;14;1,2,6,7,8,9,10,13,14,15,16,17,18,19
10;13;0,1,3,4,5,6,7,11,12,14,16,17,18
11;13;0,1,3,4,5,6,7,11,12,14,16,17,18
12;15;0,1,2,3,5,6,7,8,10,13,14,15,16,17,18
13;13;0,1,3,4,5,6,7,11,12,14,16,17,18
14;20;0,1,2,3,4,5,6,7,8,9,10,11,12,13,14,15,16,17,18,19
15;13;0,1,3,4,5,6,7,11,12,14,16,17,18
16;20;0,1,2,3,4,5,6,7,8,9,10,11,12,13,14,15,16,17,18,19
17;13;0,1,3,4,5,6,7,11,12,14,16,17,18
18;14;1,2,6,7,8,9,10,13,14,15,16,17,18,19
19;13;0,1,3,4,5,6,7,11,12,14,16,17,18
20;14;1,2,6,7,8,9,10,13,14,15,16,17,18,19
21;20;0,1,2,3,4,5,6,7,8,9,10,11,12,13,14,15,16,17,18,19
22;13;0,1,3,4,5,6,7,11,12,14,16,17,18
23;15;0,1,2,3,5,6,7,8,10,13,14,15,16,17,18

[GAMMA]
0;40;0,1,2,3,4,5,6,7,8,9,10,15,16,17,18,19,20,21,22,23,24,25,26,27,28,29,30,31,32,33,38,39,40,41,42,43,44,45,46,47
1;6;5,6,7,8,9,10
2;34;0,1,2,3,4,5,6,7,8,9,10,21,22,23,24,25,26,27,28,29,30,31,32,33,34,35,36,37,42,43,44,45,46,47
3;42;0,1,2,3,4,11,12,13,14,15,16,17,18,19,20,21,22,23,24,25,26,27,28,29,30,31,32,33,34,35,36,37,38,39,40,41,42,43,44,45,46,47
4;39;5,6,7,8,9,10,15,16,17,18,19,20,21,22,23,24,25,26,27,28,29,30,31,32,33,34,35,36,37,38,39,40,41,42,43,44,45,46,47
5;29;0,1,2,3,4,11,12,13,14,15,16,17,18,19,20,21,22,23,24,25,26,30,31,32,33,34,35,36,37
6;8;11,12,13,14,38,39,40,41
7;44;0,1,2,3,4,5,6,7,8,9,10,11,12,13,14,15,16,17,18,19,20,21,22,23,24,25,26,27,28,29,34,35,36,37,38,39,40,41,42,43,44,45,46,47
8;11;11,12,13,14,27,28,29,38,39,40,41
9;10;34,35,36,37,42,43,44,45,46,47
10;4;34,35,36,37
11;42;0,1,2,3,4,5,6,7,8,9,10,11,12,13,14,15,16,17,18,19,20,21,22,23,24,25,26,27,28,29,30,31,32,33,34,35,36,37,38,39,40,41
12;34;0,1,2,3,4,5,6,7,8,9,10,21,22,23,24,25,26,27,28,29,34,35,36,37,38,39,40,41,42,43,44,45,46,47
13;25;0,1,2,3,4,5,6,7,8,9,10,21,22,23,24,25,26,30,31,32,33,38,39,40,41
14;3;27,28,29
15;23;21,22,23,24,25,26,27,28,29,30,31,32,33,34,35,36,37,42,43,44,45,46,47
16;48;0,1,2,3,4,5,6,7,8,9,10,11,12,13,14,15,16,17,18,19,20,21,22,23,24,25,26,27,28,29,30,31,32,33,34,35,36,37,38,39,40,41,42,43,44,45,46,47
17;10;15,16,17,18,19,20,34,35,36,37
18;48;0,1,2,3,4,5,6,7,8,9,10,11,12,13,14,15,16,17,18,19,20,21,22,23,24,25,26,27,28,29,30,31,32,33,34,35,36,37,38,39,40,41,42,43,44,45,46,47
19;25;0,1,2,3,4,21,22,23,24,25,26,30,31,32,33,38,39,40,41,42,43,44,45,46,47

[OMEGA]
0;19;1,2,3,4,6,7,8,10,11,12,13,14,15,16,17,19,21,22,23
1;24;0,1,2,3,4,5,6,7,8,9,10,11,12,13,14,15,16,17,18,19,20,21,22,23
2;15;0,1,2,4,5,6,7,9,12,14,16,18,20,21,23
3;19;1,2,3,4,6,7,8,10,11,12,13,14,15,16,17,19,21,22,23
4;15;1,2,3,7,8,10,11,13,14,15,16,17,19,21,22
5;19;1,2,3,4,6,7,8,10,11,12,13,14,15,16,17,19,21,22,23
6;24;0,1,2,3,4,5,6,7,8,9,10,11,12,13,14,15,16,17,18,19,20,21,22,23
7;24;0,1,2,3,4,5,6,7,8,9,10,11,12,13,14,15,16,17,18,19,20,21,22,23
8;15;0,1,2,4,5,6,7,9,12,14,16,18,20,21,23
9;11;0,1,2,5,7,9,14,16,18,20,21
10;15;0,1,2,4,5,6,7,9,12,14,16,18,20,21,23
11;15;1,2,3,7,8,10,11,13,14,15,16,17,19,21,22
12;15;1,2,3,7,8,10,11,13,14,15,16,17,19,21,22
13;15;0,1,2,4,5,6,7,9,12,14,16,18,20,21,23
14;24;0,1,2,3,4,5,6,7,8,9,10,11,12,13,14,15,16,17,18,19,20,21,22,23
15;15;0,1,2,4,5,6,7,9,12,14,16,18,20,21,23
16;24;0,1,2,3,4,5,6,7,8,9,10,11,12,13,14,15,16,17,18,19,20,21,22,23
17;24;0,1,2,3,4,5,6,7,8,9,10,11,12,13,14,15,16,17,18,19,20,21,22,23
18;24;0,1,2,3,4,5,6,7,8,9,10,11,12,13,14,15,16,17,18,19,20,21,22,23
19;11;0,1,2,5,7,9,14,16,18,20,21
