[METADATA]
NUM_REGIOES=10
NUM_CLIENTES=48
NUM_VEICULOS=30
NUM_OFERTAS=24
NUM_ITENS=24

[TIPOS_ITENS]
0;chapa
1;tira
2;perfil
3;tubo

[REGIOES]
0
1
2
3
4
5
6
7
8
9

[CLIENTES]
0;3,6,11,12,19
1;6,9,12,13,15,16,17
2;6,7,8,9,12,21,22
3;0,3,6,9,20,21
4;0,1,2,12,16,19,21,22,23
5;6,9,11,17,19
6;6,11,13,17,19,22
7;3,6,10,18,22
8;4,6,9,11,12
9;0,3,4,5,9,12,15,19
10;6,7,17,20,21,22,23
11;2,16,17,19,20
12;5,6,12,13,21
13;9,13,15,17,21
14;2,6,7,8,11,12
15;5,6,8,11,16,17,21
16;3,4,9,12,17,19,23
17;3,7,8,9,11,17
18;0,8,9,11,12,13,18,19
19;6,8,12,13,19,21,22
20;3,4,6,17
21;0,3,6,12,13,18,19,21
22;3,5,19,21
23;5,6,7,9,13,19
24;3,6,8,9,12,17,19,21
25;0,1,5,6,8,9,12,21
26;6,9,10,12,19,21,23
27;5,6,7,8,10,11,19
28;7,9,12,13,19
29;2,3,6,7,9,11,17,18,20
30;11,17,19,21,23
31;6,7,11
32;6,10,12,17,19,21,23
33;3,4,6,7,12,16,19,22
34;3,13,17,20,21,22
35;1,6,13,19,21
36;3,5,9,10,12,14,17,19,21,23
37;6,7,8,13,17
38;4,15,16,19,21
39;3,7,9,11,17,19
40;3,4,6,12,16,17
41;6,7,8,12,18,19
42;3,5,18,19,22
43;4,6,7,8,9,12,13,17,21,22
44;5,19,20,22
45;5,6,9,12,13
46;0,3,9,12,17,23
47;0,3,6,16,19,22

[VEICULOS]
0;33000;70;2550;16500.0
1;45000;85;1750;22500.0
2;33000;50;2250;16500.0
3;33000;70;2700;16500.0
4;74000;100;3400;37000.0
5;33000;70;2250;16500.0
6;45000;85;1900;22500.0
7;57000;90;2850;28500.0
8;33000;50;1650;16500.0
9;23000;40;1300;11500.0
10;33000;50;1350;16500.0
11;74000;100;3550;37000.0
12;74000;100;3250;37000.0
13;41000;75;2450;20500.0
14;57000;90;1650;28500.0
15;41000;75;2450;20500.0
16;57000;90;3000;28500.0
17;57000;90;1800;28500.0
18;45000;85;3100;22500.0
19;23000;40;1750;11500.0
20;33000;50;1800;16500.0
21;41000;75;1850;20500.0
22;74000;100;3700;37000.0
23;57000;90;2250;28500.0
24;23000;40;1900;11500.0
25;33000;70;1800;16500.0
26;41000;75;2300;20500.0
27;57000;90;1650;28500.0
28;57000;80;2550;28500.0
29;57000;90;1650;28500.0

[OFERTAS]
0;1;2433;6.0;3.46
1;3;3293;5.0;6.21
2;1;2871;3.0;3.93
3;3;3019;5.0;6.68
4;2;3490;4.0;6.85
5;2;2785;4.0;4.27
6;1;3110;6.0;7.17
7;1;3109;5.0;5.01
8;3;3681;8.0;6.99
9;2;3441;4.0;5.07
10;3;2410;6.0;3.66
11;0;2807;10.0;4.6
12;0;2124;9.0;3.81
13;3;2515;6.0;4.91
14;1;2781;5.0;3.85
15;3;2293;8.0;2.83
16;1;3483;4.0;5.68
17;2;2310;3.0;3.13
18;1;3103;3.0;6.02
19;0;3356;6.0;6.11
20;1;3411;6.0;5.7
21;2;3636;4.0;6.64
22;0;1686;9.0;3.39
23;0;2411;5.0;3.35

[ITENS]
0;0;1;2433;6.0;3.46
1;1;3;3293;5.0;6.21
2;2;1;2871;3.0;3.93
3;3;3;3019;5.0;6.68
4;4;2;3490;4.0;6.85
5;5;2;2785;4.0;4.27
6;6;1;3110;6.0;7.17
7;7;1;3109;5.0;5.01
8;8;3;3681;8.0;6.99
9;9;2;3441;4.0;5.07
10;10;3;2410;6.0;3.66
11;11;0;2807;10.0;4.6
12;12;0;2124;9.0;3.81
13;13;3;2515;6.0;4.91
14;14;1;2781;5.0;3.85
15;15;3;2293;8.0;2.83
16;16;1;3483;4.0;5.68
17;17;2;2310;3.0;3.13
18;18;1;3103;3.0;6.02
19;19;0;3356;6.0;6.11
20;20;1;3411;6.0;5.7
21;21;2;3636;4.0;6.64
22;22;0;1686;9.0;3.39
23;23;0;2411;5.0;3.35

[PHI]
0;8;3,4,9,18,21,25,46,47
1;3;4,25,35
2;4;4,11,14,29
3;19;0,3,7,9,16,17,20,21,22,24,29,33,34,36,39,40,42,46,47
4;8;8,9,16,20,33,38,40,43
5;11;9,12,15,22,23,25,27,36,42,44,45
6;31;0,1,2,3,5,6,7,8,10,12,14,15,19,20,21,23,24,25,26,27,29,31,32,33,35,37,40,41,43,45,47
7;14;2,10,14,17,23,27,28,29,31,33,37,39,41,43
8;12;2,14,15,17,18,19,24,25,27,37,41,43
9;21;1,2,3,5,8,9,13,16,17,18,23,24,25,26,28,29,36,39,43,45,46
10;5;7,26,27,32,36
11;13;0,5,6,8,14,15,17,18,27,29,30,31,39
12;24;0,1,2,4,8,9,12,14,16,18,19,21,24,25,26,28,32,33,36,40,41,43,45,46
13;14;1,6,12,13,18,19,21,23,28,34,35,37,43,45
14;1;36
15;4;1,9,13,38
16;8;1,4,11,15,33,38,40,47
17;21;1,5,6,10,11,13,15,16,17,20,24,29,30,32,34,36,37,39,40,43,46
18;6;7,18,21,29,41,42
19;27;0,4,5,6,9,11,16,18,19,21,22,23,24,26,27,28,30,32,33,35,36,38,39,41,42,44,47
20;6;3,10,11,29,34,44
21;20;2,3,4,10,12,13,15,19,21,22,24,25,26,30,32,34,35,36,38,43
22;12;2,4,6,7,10,19,33,34,42,43,44,47
23;8;4,10,16,26,30,32,36,46

[PSI]
0;22;0,1,2,3,5,6,7,8,10,13,14,15,16,17,18,20,21,23,25,26,27,29
1;21;1,2,6,7,8,9,10,13,14,15,16,17,18,19,20,21,23,24,26,27,29
2;22;0,1,2,3,5,6,7,8,10,13,14,15,16,17,18,20,21,23,25,26,27,29
3;21;1,2,6,7,8,9,10,13,14,15,16,17,18,19,20,21,23,24,26,27,29
4;30;0,1,2,3,4,5,6,7,8,9,10,11,12,13,14,15,16,17,18,19,20,21,22,23,24,25,26,27,28,29
5;30;0,1,2,3,4,5,6,7,8,9,10,11,12,13,14,15,16,17,18,19,20,21,22,23,24,25,26,27,28,29
6;22;0,1,2,3,5,6,7,8,10,13,14,15,16,17,18,20,21,23,25,26,27,29
7;22;0,1,2,3,5,6,7,8,10,13,14,15,16,17,18,20,21,23,25,26,27,29
8;21;1,2,6,7,8,9,10,13,14,15,16,17,18,19,20,21,23,24,26,27,29
9;30;0,1,2,3,4,5,6,7,8,9,10,11,12,13,14,15,16,17,18,19,20,21,22,23,24,25,26,27,28,29
10;21;1,2,6,7,8,9,10,13,14,15,16,17,18,19,20,21,23,24,26,27,29
11;19;0,1,3,4,5,6,7,11,12,14,16,17,18,22,23,25,27,28,29
12;19;0,1,3,4,5,6,7,11,12,14,16,17,18,22,23,25,27,28,29
13;21;1,2,6,7,8,9,10,13,14,15,16,17,18,19,20,21,23,24,26,27,29
14;22;0,1,2,3,5,6,7,8,10,13,14,15,16,17,18,20,21,23,25,26,27,29
15;21;1,2,6,7,8,9,10,13,14,15,16,17,18,19,20,21,23,24,26,27,29
16;22;0,1,2,3,5,6,7,8,10,13,14,15,16,17,18,20,21,23,25,26,27,29
17;30;0,1,2,3,4,5,6,7,8,9,10,11,12,13,14,15,16,17,18,19,20,21,22,23,24,25,26,27,28,29
18;22;0,1,2,3,5,6,7,8,10,13,14,15,16,17,18,20,21,23,25,26,27,29
19;19;0,1,3,4,5,6,7,11,12,14,16,17,18,22,23,25,27,28,29
20;22;0,1,2,3,5,6,7,8,10,13,14,15,16,17,18,20,21,23,25,26,27,29
21;30;0,1,2,3,4,5,6,7,8,9,10,11,12,13,14,15,16,17,18,19,20,21,22,23,24,25,26,27,28,29
22;19;0,1,3,4,5,6,7,11,12,14,16,17,18,22,23,25,27,28,29
23;19;0,1,3,4,5,6,7,11,12,14,16,17,18,22,23,25,27,28,29

[GAMMA]
0;40;0,1,2,3,4,5,6,7,8,9,10,15,16,17,18,19,20,21,22,23,24,25,26,27,28,29,30,31,32,33,38,39,40,41,42,43,44,45,46,47
1;6;5,6,7,8,9,10
2;34;0,1,2,3,4,5,6,7,8,9,10,21,22,23,24,25,26,27,28,29,30,31,32,33,34,35,36,37,42,43,44,45,46,47
3;42;0,1,2,3,4,11,12,13,14,15,16,17,18,19,20,21,22,23,24,25,26,27,28,29,30,31,32,33,34,35,36,37,38,39,40,41,42,43,44,45,46,47
4;39;5,6,7,8,9,10,15,16,17,18,19,20,21,22,23,24,25,26,27,28,29,30,31,32,33,34,35,36,37,38,39,40,41,42,43,44,45,46,47
5;29;0,1,2,3,4,11,12,13,14,15,16,17,18,19,20,21,22,23,24,25,26,30,31,32,33,34,35,36,37
6;8;11,12,13,14,38,39,40,41
7;44;0,1,2,3,4,5,6,7,8,9,10,11,12,13,14,15,16,17,18,19,20,21,22,23,24,25,26,27,28,29,34,35,36,37,38,39,40,41,42,43,44,45,46,47
8;11;11,12,13,14,27,28,29,38,39,40,41
9;10;34,35,36,37,42,43,44,45,46,47
10;4;34,35,36,37
11;42;0,1,2,3,4,5,6,7,8,9,10,11,12,13,14,15,16,17,18,19,20,21,22,23,24,25,26,27,28,29,30,31,32,33,34,35,36,37,38,39,40,41
12;34;0,1,2,3,4,5,6,7,8,9,10,21,22,23,24,25,26,27,28,29,34,35,36,37,38,39,40,41,42,43,44,45,46,47
13;25;0,1,2,3,4,5,6,7,8,9,10,21,22,23,24,25,26,30,31,32,33,38,39,40,41
14;3;27,28,29
15;23;21,22,23,24,25,26,27,28,29,30,31,32,33,34,35,36,37,42,43,44,45,46,47
16;48;0,1,2,3,4,5,6,7,8,9,10,11,12,13,14,15,16,17,18,19,20,21,22,23,24,25,26,27,28,29,30,31,32,33,34,35,36,37,38,39,40,41,42,43,44,45,46,47
17;10;15,16,17,18,19,20,34,35,36,37
18;48;0,1,2,3,4,5,6,7,8,9,10,11,12,13,14,15,16,17,18,19,20,21,22,23,24,25,26,27,28,29,30,31,32,33,34,35,36,37,38,39,40,41,42,43,44,45,46,47
19;25;0,1,2,3,4,21,22,23,24,25,26,30,31,32,33,38,39,40,41,42,43,44,45,46,47
20;18;0,1,2,3,4,21,22,23,24,25,26,27,28,29,34,35,36,37
21;3;27,28,29
22;48;0,1,2,3,4,5,6,7,8,9,10,11,12,13,14,15,16,17,18,19,20,21,22,23,24,25,26,27,28,29,30,31,32,33,34,35,36,37,38,39,40,41,42,43,44,45,46,47
23;25;5,6,7,8,9,10,15,16,17,18,19,20,27,28,29,38,39,40,41,42,43,44,45,46,47
24;27;5,6,7,8,9,10,11,12,13,14,21,22,23,24,25,26,27,28,29,30,31,32,33,38,39,40,41
25;16;15,16,17,18,19,20,34,35,36,37,42,43,44,45,46,47
26;18;5,6,7,8,9,10,11,12,13,14,30,31,32,33,34,35,36,37
27;5;0,1,2,3,4
28;21;5,6,7,8,9,10,11,12,13,14,27,28,29,30,31,32,33,38,39,40,41
29;6;5,6,7,8,9,10

[OMEGA]
0;18;0,2,4,5,6,7,9,11,12,14,16,17,18,19,20,21,22,23
1;24;0,1,2,3,4,5,6,7,8,9,10,11,12,13,14,15,16,17,18,19,20,21,22,23
2;19;0,1,2,3,4,5,6,7,8,9,10,13,14,15,16,17,18,20,21
3;18;0,2,4,5,6,7,9,11,12,14,16,17,18,19,20,21,22,23
4;10;4,5,9,11,12,17,19,21,22,23
5;18;0,2,4,5,6,7,9,11,12,14,16,17,18,19,20,21,22,23
6;24;0,1,2,3,4,5,6,7,8,9,10,11,12,13,14,15,16,17,18,19,20,21,22,23
7;24;0,1,2,3,4,5,6,7,8,9,10,11,12,13,14,15,16,17,18,19,20,21,22,23
8;19;0,1,2,3,4,5,6,7,8,9,10,13,14,15,16,17,18,20,21
9;11;1,3,4,5,8,9,10,13,15,17,21
10;19;0,1,2,3,4,5,6,7,8,9,10,13,14,15,16,17,18,20,21
11;10;4,5,9,11,12,17,19,21,22,23
12;10;4,5,9,11,12,17,19,21,22,23
13;19;0,1,2,3,4,5,6,7,8,9,10,13,14,15,16,17,18,20,21
14;24;0,1,2,3,4,5,6,7,8,9,10,11,12,13,14,15,16,17,18,19,20,21,22,23
15;19;0,1,2,3,4,5,6,7,8,9,10,13,14,15,16,17,18,20,21
16;24;0,1,2,3,4,5,6,7,8,9,10,11,12,13,14,15,16,17,18,19,20,21,22,23
17;24;0,1,2,3,4,5,6,7,8,9,10,11,12,13,14,15,16,17,18,19,20,21,22,23
18;24;0,1,2,3,4,5,6,7,8,9,10,11,12,13,14,15,16,17,18,19,20,21,22,23
19;11;1,3,4,5,8,9,10,13,15,17,21
20;19;0,1,2,3,4,5,6,7,8,9,10,13,14,15,16,17,18,20,21
21;19;0,1,2,3,4,5,6,7,8,9,10,13,14,15,16,17,18,20,21
22;10;4,5,9,11,12,17,19,21,22,23
23;24;0,1,2,3,4,5,6,7,8,9,10,11,12,13,14,15,16,17,18,19,20,21,22,23
24;11;1,3,4,5,8,9,10,13,15,17,21
25;18;0,2,4,5,6,7,9,11,12,14,16,17,18,19,20,21,22,23
26;19;0,1,2,3,4,5,6,7,8,9,10,13,14,15,16,17,18,20,21
27;24;0,1,2,3,4,5,6,7,8,9,10,11,12,13,14,15,16,17,18,19,20,21,22,23
28;10;4,5,9,11,12,17,19,21,22,23
29;24;0,1,2,3,4,5,6,7,8,9,10,11,12,13,14,15,16,17,18,19,20,21,22,23
