[METADATA]
NUM_REGIOES=20
NUM_CLIENTES=193
NUM_VEICULOS=30
NUM_OFERTAS=97
NUM_ITENS=97

[TIPOS_ITENS]
0;chapa
1;tira
2;perfil
3;tubo

[REGIOES]
0
1
2
3
4
5
6
7
8
9
10
11
12
13
14
15
16
17
18
19

[CLIENTES]
0;49,53,58
1;18,35
2;26,92
3;14
4;71
5;20
6;87,94
7;4,6,8,12
8;24
9;17,28,29,32
10;21,27
11;10,35
12;55
13;64,69,76
14;15,81
15;30
16;2
17;47,84
18;41
19;19,75
20;79
21;19
22;86,88,96
23;77
24;50,73
25;7,9
26;87
27;95
28;68
29;48
30;65
31;60
32;40
33;9
34;81
35;39,81
36;27
37;0
38;18
39;50
40;92
41;14
42;54,87
43;82
44;31,84
45;77
46;24
47;16,87
48;94
49;3
50;74,87,90
51;95
52;33,47,75
53;35,74
54;22,75
55;87
56;74
57;50,56
58;55
59;18
60;22
61;11
62;18,48
63;54
64;2
65;31,80
66;91
67;95
68;20
69;50
70;0
71;60
72;60
73;34,43,45,46
74;65
75;35,60
76;47,95
77;18,50
78;68
79;41,95
80;74
81;65,75
82;93
83;90
84;74
85;75
86;14,18
87;57
88;2,23,50
89;36
90;77
91;9,54,92
92;87
93;10,82
94;35,38
95;95
96;22
97;71
98;5,67,81
99;15,89,93
100;60,61
101;31,61
102;60,92
103;51,61,78
104;66
105;55,60
106;78
107;50
108;5
109;18,47
110;74
111;60
112;50,65
113;61
114;35,50
115;47,75,87
116;5
117;2,18
118;65
119;35
120;51,55
121;10,41
122;23
123;44
124;22
125;84
126;19,94
127;44,85
128;62
129;74
130;77
131;52
132;55
133;52,60
134;3
135;41
136;60
137;60
138;65,79
139;31,95
140;38,40
141;50,83
142;25,77
143;42,60,62
144;40
145;52
146;44
147;9
148;47
149;13
150;42
151;60
152;59
153;13,66
154;33,65
155;41,87
156;1
157;60
158;41,60
159;25,87
160;47
161;35,48
162;67
163;18,48
164;60,92
165;27,38,40
166;60
167;37
168;54,78
169;48,72
170;55,87
171;3,55,95
172;15,24
173;5
174;19,24,63
175;10
176;14,60
177;70
178;41
179;2,50,70
180;35
181;95
182;59
183;27
184;15,36,54
185;16,18
186;92
187;74
188;18
189;20,74
190;18,25,94
191;27,66
192;40,95

[VEICULOS]
0;23000;40;2800;11500.0
1;74000;100;3550;37000.0
2;33000;70;1650;16500.0
3;41000;75;3950;20500.0
4;74000;100;3550;37000.0
5;33000;50;1350;16500.0
6;33000;70;3300;16500.0
7;41000;75;4700;20500.0
8;57000;90;4500;28500.0
9;33000;50;1500;16500.0
10;33000;50;4200;16500.0
11;33000;50;2250;16500.0
12;57000;90;4500;28500.0
13;41000;75;2300;20500.0
14;74000;110;2900;37000.0
15;45000;85;2500;22500.0
16;33000;50;2400;16500.0
17;33000;50;3900;16500.0
18;74000;110;4550;37000.0
19;33000;50;2400;16500.0
20;57000;90;3750;28500.0
21;45000;85;3850;22500.0
22;33000;50;1350;16500.0
23;33000;50;2850;16500.0
24;57000;80;4650;28500.0
25;33000;70;4050;16500.0
26;33000;50;3750;16500.0
27;45000;85;4000;22500.0
28;23000;40;2500;11500.0
29;33000;50;3000;16500.0

[OFERTAS]
0;0;2157;7.0;3.82
1;3;2718;8.0;2.53
2;2;2562;5.0;4.81
3;1;2677;6.0;3.88
4;3;2419;8.0;3.24
5;3;2360;8.0;3.96
6;2;2649;3.0;2.77
7;3;2329;6.0;2.97
8;3;2220;5.0;3.4
9;0;2137;8.0;4.25
10;2;3959;2.0;5.68
11;0;1705;10.0;4.56
12;1;3296;6.0;5.21
13;0;2855;5.0;2.61
14;2;2674;3.0;4.96
15;3;3818;8.0;5.95
16;0;2264;5.0;2.59
17;2;2826;5.0;2.64
18;2;3897;4.0;7.28
19;2;2907;5.0;4.86
20;2;2232;3.0;3.13
21;1;2295;5.0;3.07
22;1;2748;6.0;3.69
23;3;2451;6.0;4.63
24;2;2355;5.0;3.55
25;3;4527;5.0;9.26
26;3;2892;7.0;4.02
27;0;2784;10.0;3.59
28;1;1329;4.0;4.78
29;3;4122;8.0;9.66
30;1;3598;3.0;6.92
31;2;2649;4.0;4.95
32;2;3012;4.0;5.85
33;0;1789;5.0;2.82
34;3;2114;6.0;4.24
35;1;3142;5.0;6.18
36;3;1794;5.0;4.55
37;3;3102;4.0;5.44
38;2;1247;2.0;4.74
39;3;3109;4.0;6.73
40;2;4124;3.0;8.78
41;1;2611;4.0;2.65
42;2;2877;4.0;4.97
43;1;2207;5.0;3.71
44;0;3996;5.0;5.16
45;0;2926;10.0;4.28
46;3;2499;4.0;3.49
47;0;3381;5.0;5.94
48;2;1657;4.0;3.36
49;3;2894;6.0;4.47
50;0;3843;8.0;6.39
51;1;3138;4.0;5.32
52;3;2908;6.0;3.11
53;3;3337;5.0;6.51
54;3;2318;8.0;3.72
55;3;1868;4.0;3.21
56;0;3308;10.0;5.01
57;3;2851;7.0;2.93
58;2;2950;5.0;3.69
59;2;3998;3.0;5.47
60;0;3198;9.0;6.32
61;3;2179;6.0;3.22
62;0;2611;7.0;3.98
63;1;3083;3.0;5.34
64;1;3188;3.0;5.22
65;2;2041;4.0;4.4
66;1;3651;6.0;5.27
67;1;3075;3.0;7.41
68;1;3217;3.0;6.8
69;2;2617;5.0;2.85
70;3;3111;5.0;5.47
71;3;3082;5.0;6.31
72;2;3946;4.0;6.13
73;1;3327;4.0;6.16
74;0;4148;7.0;8.39
75;3;1644;8.0;3.86
76;0;1147;9.0;3.33
77;3;3752;7.0;5.35
78;2;3944;5.0;6.43
79;2;2727;3.0;3.28
80;0;2503;7.0;4.29
81;3;2452;8.0;3.36
82;0;2204;8.0;4.01
83;1;1212;3.0;2.87
84;1;3681;5.0;6.79
85;1;4149;6.0;7.95
86;3;2465;7.0;3.22
87;3;1733;6.0;3.97
88;2;3357;2.0;6.48
89;1;2094;6.0;4.24
90;1;3593;3.0;5.94
91;0;3220;10.0;6.84
92;3;2310;8.0;2.97
93;2;2403;4.0;4.67
94;1;1641;3.0;4.36
95;2;3740;3.0;5.01
96;0;3486;7.0;7.31

[ITENS]
0;0;0;2157;7.0;3.82
1;1;3;2718;8.0;2.53
2;2;2;2562;5.0;4.81
3;3;1;2677;6.0;3.88
4;4;3;2419;8.0;3.24
5;5;3;2360;8.0;3.96
6;6;2;2649;3.0;2.77
7;7;3;2329;6.0;2.97
8;8;3;2220;5.0;3.4
9;9;0;2137;8.0;4.25
10;10;2;3959;2.0;5.68
11;11;0;1705;10.0;4.56
12;12;1;3296;6.0;5.21
13;13;0;2855;5.0;2.61
14;14;2;2674;3.0;4.96
15;15;3;3818;8.0;5.95
16;16;0;2264;5.0;2.59
17;17;2;2826;5.0;2.64
18;18;2;3897;4.0;7.28
19;19;2;2907;5.0;4.86
20;20;2;2232;3.0;3.13
21;21;1;2295;5.0;3.07
22;22;1;2748;6.0;3.69
23;23;3;2451;6.0;4.63
24;24;2;2355;5.0;3.55
25;25;3;4527;5.0;9.26
26;26;3;2892;7.0;4.02
27;27;0;2784;10.0;3.59
28;28;1;1329;4.0;4.78
29;29;3;4122;8.0;9.66
30;30;1;3598;3.0;6.92
31;31;2;2649;4.0;4.95
32;32;2;3012;4.0;5.85
33;33;0;1789;5.0;2.82
34;34;3;2114;6.0;4.24
35;35;1;3142;5.0;6.18
36;36;3;1794;5.0;4.55
37;37;3;3102;4.0;5.44
38;38;2;1247;2.0;4.74
39;39;3;3109;4.0;6.73
40;40;2;4124;3.0;8.78
41;41;1;2611;4.0;2.65
42;42;2;2877;4.0;4.97
43;43;1;2207;5.0;3.71
44;44;0;3996;5.0;5.16
45;45;0;2926;10.0;4.28
46;46;3;2499;4.0;3.49
47;47;0;3381;5.0;5.94
48;48;2;1657;4.0;3.36
49;49;3;2894;6.0;4.47
50;50;0;3843;8.0;6.39
51;51;1;3138;4.0;5.32
52;52;3;2908;6.0;3.11
53;53;3;3337;5.0;6.51
54;54;3;2318;8.0;3.72
55;55;3;1868;4.0;3.21
56;56;0;3308;10.0;5.01
57;57;3;2851;7.0;2.93
58;58;2;2950;5.0;3.69
59;59;2;3998;3.0;5.47
60;60;0;3198;9.0;6.32
61;61;3;2179;6.0;3.22
62;62;0;2611;7.0;3.98
63;63;1;3083;3.0;5.34
64;64;1;3188;3.0;5.22
65;65;2;2041;4.0;4.4
66;66;1;3651;6.0;5.27
67;67;1;3075;3.0;7.41
68;68;1;3217;3.0;6.8
69;69;2;2617;5.0;2.85
70;70;3;3111;5.0;5.47
71;71;3;3082;5.0;6.31
72;72;2;3946;4.0;6.13
73;73;1;3327;4.0;6.16
74;74;0;4148;7.0;8.39
75;75;3;1644;8.0;3.86
76;76;0;1147;9.0;3.33
77;77;3;3752;7.0;5.35
78;78;2;3944;5.0;6.43
79;79;2;2727;3.0;3.28
80;80;0;2503;7.0;4.29
81;81;3;2452;8.0;3.36
82;82;0;2204;8.0;4.01
83;83;1;1212;3.0;2.87
84;84;1;3681;5.0;6.79
85;85;1;4149;6.0;7.95
86;86;3;2465;7.0;3.22
87;87;3;1733;6.0;3.97
88;88;2;3357;2.0;6.48
89;89;1;2094;6.0;4.24
90;90;1;3593;3.0;5.94
91;91;0;3220;10.0;6.84
92;92;3;2310;8.0;2.97
93;93;2;2403;4.0;4.67
94;94;1;1641;3.0;4.36
95;95;2;3740;3.0;5.01
96;96;0;3486;7.0;7.31

[PHI]
0;2;37,70
1;1;156
2;5;16,64,88,117,179
3;3;49,134,171
4;1;7
5;4;98,108,116,173
6;1;7
7;1;25
8;1;7
9;4;25,33,91,147
10;4;11,93,121,175
11;1;61
12;1;7
13;2;149,153
14;4;3,41,86,176
15;4;14,99,172,184
16;2;47,185
17;1;9
18;12;1,38,59,62,77,86,109,117,163,185,188,190
19;4;19,21,126,174
20;3;5,68,189
21;1;10
22;4;54,60,96,124
23;2;88,122
24;4;8,46,172,174
25;3;142,159,190
26;1;2
27;5;10,36,165,183,191
28;1;9
29;1;9
30;1;15
31;4;44,65,101,139
32;1;9
33;2;52,154
34;1;73
35;9;1,11,53,75,94,114,119,161,180
36;2;89,184
37;1;167
38;3;94,140,165
39;1;35
40;5;32,140,144,165,192
41;7;18,79,121,135,155,158,178
42;2;143,150
43;1;73
44;3;123,127,146
45;1;73
46;1;73
47;7;17,52,76,109,115,148,160
48;5;29,62,161,163,169
49;1;0
50;11;24,39,57,69,77,88,107,112,114,141,179
51;2;103,120
52;3;131,133,145
53;1;0
54;5;42,63,91,168,184
55;7;12,58,105,120,132,170,171
56;1;57
57;1;87
58;1;0
59;2;152,182
60;18;31,71,72,75,100,102,105,111,133,136,137,143,151,157,158,164,166,176
61;4;100,101,103,113
62;2;128,143
63;1;174
64;1;13
65;7;30,74,81,112,118,138,154
66;3;104,153,191
67;2;98,162
68;2;28,78
69;1;13
70;2;177,179
71;2;4,97
72;1;169
73;1;24
74;9;50,53,56,80,84,110,129,187,189
75;6;19,52,54,81,85,115
76;1;13
77;5;23,45,90,130,142
78;3;103,106,168
79;2;20,138
80;1;65
81;4;14,34,35,98
82;2;43,93
83;1;141
84;3;17,44,125
85;1;127
86;1;22
87;11;6,26,42,47,50,55,92,115,155,159,170
88;1;22
89;1;99
90;2;50,83
91;1;66
92;6;2,40,91,102,164,186
93;2;82,99
94;4;6,48,126,190
95;10;27,51,67,76,79,95,139,171,181,192
96;1;22

[PSI]
0;14;1,2,4,6,8,12,14,15,18,20,21,24,25,27
1;24;0,3,5,7,8,9,10,11,12,13,14,15,16,17,18,19,20,21,22,23,26,27,28,29
2;30;0,1,2,3,4,5,6,7,8,9,10,11,12,13,14,15,16,17,18,19,20,21,22,23,24,25,26,27,28,29
3;25;2,3,5,6,7,8,9,10,11,12,13,14,15,16,17,18,19,20,21,22,23,25,26,27,29
4;24;0,3,5,7,8,9,10,11,12,13,14,15,16,17,18,19,20,21,22,23,26,27,28,29
5;24;0,3,5,7,8,9,10,11,12,13,14,15,16,17,18,19,20,21,22,23,26,27,28,29
6;30;0,1,2,3,4,5,6,7,8,9,10,11,12,13,14,15,16,17,18,19,20,21,22,23,24,25,26,27,28,29
7;24;0,3,5,7,8,9,10,11,12,13,14,15,16,17,18,19,20,21,22,23,26,27,28,29
8;24;0,3,5,7,8,9,10,11,12,13,14,15,16,17,18,19,20,21,22,23,26,27,28,29
9;14;1,2,4,6,8,12,14,15,18,20,21,24,25,27
10;30;0,1,2,3,4,5,6,7,8,9,10,11,12,13,14,15,16,17,18,19,20,21,22,23,24,25,26,27,28,29
11;14;1,2,4,6,8,12,14,15,18,20,21,24,25,27
12;25;2,3,5,6,7,8,9,10,11,12,13,14,15,16,17,18,19,20,21,22,23,25,26,27,29
13;14;1,2,4,6,8,12,14,15,18,20,21,24,25,27
14;30;0,1,2,3,4,5,6,7,8,9,10,11,12,13,14,15,16,17,18,19,20,21,22,23,24,25,26,27,28,29
15;24;0,3,5,7,8,9,10,11,12,13,14,15,16,17,18,19,20,21,22,23,26,27,28,29
16;14;1,2,4,6,8,12,14,15,18,20,21,24,25,27
17;30;0,1,2,3,4,5,6,7,8,9,10,11,12,13,14,15,16,17,18,19,20,21,22,23,24,25,26,27,28,29
18;30;0,1,2,3,4,5,6,7,8,9,10,11,12,13,14,15,16,17,18,19,20,21,22,23,24,25,26,27,28,29
19;30;0,1,2,3,4,5,6,7,8,9,10,11,12,13,14,15,16,17,18,19,20,21,22,23,24,25,26,27,28,29
20;30;0,1,2,3,4,5,6,7,8,9,10,11,12,13,14,15,16,17,18,19,20,21,22,23,24,25,26,27,28,29
21;25;2,3,5,6,7,8,9,10,11,12,13,14,15,16,17,18,19,20,21,22,23,25,26,27,29
22;25;2,3,5,6,7,8,9,10,11,12,13,14,15,16,17,18,19,20,21,22,23,25,26,27,29
23;24;0,3,5,7,8,9,10,11,12,13,14,15,16,17,18,19,20,21,22,23,26,27,28,29
24;30;0,1,2,3,4,5,6,7,8,9,10,11,12,13,14,15,16,17,18,19,20,21,22,23,24,25,26,27,28,29
25;24;0,3,5,7,8,9,10,11,12,13,14,15,16,17,18,19,20,21,22,23,26,27,28,29
26;24;0,3,5,7,8,9,10,11,12,13,14,15,16,17,18,19,20,21,22,23,26,27,28,29
27;14;1,2,4,6,8,12,14,15,18,20,21,24,25,27
28;25;2,3,5,6,7,8,9,10,11,12,13,14,15,16,17,18,19,20,21,22,23,25,26,27,29
29;24;0,3,5,7,8,9,10,11,12,13,14,15,16,17,18,19,20,21,22,23,26,27,28,29
30;25;2,3,5,6,7,8,9,10,11,12,13,14,15,16,17,18,19,20,21,22,23,25,26,27,29
31;30;0,1,2,3,4,5,6,7,8,9,10,11,12,13,14,15,16,17,18,19,20,21,22,23,24,25,26,27,28,29
32;30;0,1,2,3,4,5,6,7,8,9,10,11,12,13,14,15,16,17,18,19,20,21,22,23,24,25,26,27,28,29
33;14;1,2,4,6,8,12,14,15,18,20,21,24,25,27
34;24;0,3,5,7,8,9,10,11,12,13,14,15,16,17,18,19,20,21,22,23,26,27,28,29
35;25;2,3,5,6,7,8,9,10,11,12,13,14,15,16,17,18,19,20,21,22,23,25,26,27,29
36;24;0,3,5,7,8,9,10,11,12,13,14,15,16,17,18,19,20,21,22,23,26,27,28,29
37;24;0,3,5,7,8,9,10,11,12,13,14,15,16,17,18,19,20,21,22,23,26,27,28,29
38;30;0,1,2,3,4,5,6,7,8,9,10,11,12,13,14,15,16,17,18,19,20,21,22,23,24,25,26,27,28,29
39;24;0,3,5,7,8,9,10,11,12,13,14,15,16,17,18,19,20,21,22,23,26,27,28,29
40;30;0,1,2,3,4,5,6,7,8,9,10,11,12,13,14,15,16,17,18,19,20,21,22,23,24,25,26,27,28,29
41;25;2,3,5,6,7,8,9,10,11,12,13,14,15,16,17,18,19,20,21,22,23,25,26,27,29
42;30;0,1,2,3,4,5,6,7,8,9,10,11,12,13,14,15,16,17,18,19,20,21,22,23,24,25,26,27,28,29
43;25;2,3,5,6,7,8,9,10,11,12,13,14,15,16,17,18,19,20,21,22,23,25,26,27,29
44;14;1,2,4,6,8,12,14,15,18,20,21,24,25,27
45;14;1,2,4,6,8,12,14,15,18,20,21,24,25,27
46;24;0,3,5,7,8,9,10,11,12,13,14,15,16,17,18,19,20,21,22,23,26,27,28,29
47;14;1,2,4,6,8,12,14,15,18,20,21,24,25,27
48;30;0,1,2,3,4,5,6,7,8,9,10,11,12,13,14,15,16,17,18,19,20,21,22,23,24,25,26,27,28,29
49;24;0,3,5,7,8,9,10,11,12,13,14,15,16,17,18,19,20,21,22,23,26,27,28,29
50;14;1,2,4,6,8,12,14,15,18,20,21,24,25,27
51;25;2,3,5,6,7,8,9,10,11,12,13,14,15,16,17,18,19,20,21,22,23,25,26,27,29
52;24;0,3,5,7,8,9,10,11,12,13,14,15,16,17,18,19,20,21,22,23,26,27,28,29
53;24;0,3,5,7,8,9,10,11,12,13,14,15,16,17,18,19,20,21,22,23,26,27,28,29
54;24;0,3,5,7,8,9,10,11,12,13,14,15,16,17,18,19,20,21,22,23,26,27,28,29
55;24;0,3,5,7,8,9,10,11,12,13,14,15,16,17,18,19,20,21,22,23,26,27,28,29
56;14;1,2,4,6,8,12,14,15,18,20,21,24,25,27
57;24;0,3,5,7,8,9,10,11,12,13,14,15,16,17,18,19,20,21,22,23,26,27,28,29
58;30;0,1,2,3,4,5,6,7,8,9,10,11,12,13,14,15,16,17,18,19,20,21,22,23,24,25,26,27,28,29
59;30;0,1,2,3,4,5,6,7,8,9,10,11,12,13,14,15,16,17,18,19,20,21,22,23,24,25,26,27,28,29
60;14;1,2,4,6,8,12,14,15,18,20,21,24,25,27
61;24;0,3,5,7,8,9,10,11,12,13,14,15,16,17,18,19,20,21,22,23,26,27,28,29
62;14;1,2,4,6,8,12,14,15,18,20,21,24,25,27
63;25;2,3,5,6,7,8,9,10,11,12,13,14,15,16,17,18,19,20,21,22,23,25,26,27,29
64;25;2,3,5,6,7,8,9,10,11,12,13,14,15,16,17,18,19,20,21,22,23,25,26,27,29
65;30;0,1,2,3,4,5,6,7,8,9,10,11,12,13,14,15,16,17,18,19,20,21,22,23,24,25,26,27,28,29
66;25;2,3,5,6,7,8,9,10,11,12,13,14,15,16,17,18,19,20,21,22,23,25,26,27,29
67;25;2,3,5,6,7,8,9,10,11,12,13,14,15,16,17,18,19,20,21,22,23,25,26,27,29
68;25;2,3,5,6,7,8,9,10,11,12,13,14,15,16,17,18,19,20,21,22,23,25,26,27,29
69;30;0,1,2,3,4,5,6,7,8,9,10,11,12,13,14,15,16,17,18,19,20,21,22,23,24,25,26,27,28,29
70;24;0,3,5,7,8,9,10,11,12,13,14,15,16,17,18,19,20,21,22,23,26,27,28,29
71;24;0,3,5,7,8,9,10,11,12,13,14,15,16,17,18,19,20,21,22,23,26,27,28,29
72;30;0,1,2,3,4,5,6,7,8,9,10,11,12,13,14,15,16,17,18,19,20,21,22,23,24,25,26,27,28,29
73;25;2,3,5,6,7,8,9,10,11,12,13,14,15,16,17,18,19,20,21,22,23,25,26,27,29
74;14;1,2,4,6,8,12,14,15,18,20,21,24,25,27
75;24;0,3,5,7,8,9,10,11,12,13,14,15,16,17,18,19,20,21,22,23,26,27,28,29
76;14;1,2,4,6,8,12,14,15,18,20,21,24,25,27
77;24;0,3,5,7,8,9,10,11,12,13,14,15,16,17,18,19,20,21,22,23,26,27,28,29
78;30;0,1,2,3,4,5,6,7,8,9,10,11,12,13,14,15,16,17,18,19,20,21,22,23,24,25,26,27,28,29
79;30;0,1,2,3,4,5,6,7,8,9,10,11,12,13,14,15,16,17,18,19,20,21,22,23,24,25,26,27,28,29
80;14;1,2,4,6,8,12,14,15,18,20,21,24,25,27
81;24;0,3,5,7,8,9,10,11,12,13,14,15,16,17,18,19,20,21,22,23,26,27,28,29
82;14;1,2,4,6,8,12,14,15,18,20,21,24,25,27
83;25;2,3,5,6,7,8,9,10,11,12,13,14,15,16,17,18,19,20,21,22,23,25,26,27,29
84;25;2,3,5,6,7,8,9,10,11,12,13,14,15,16,17,18,19,20,21,22,23,25,26,27,29
85;25;2,3,5,6,7,8,9,10,11,12,13,14,15,16,17,18,19,20,21,22,23,25,26,27,29
86;24;0,3,5,7,8,9,10,11,12,13,14,15,16,17,18,19,20,21,22,23,26,27,28,29
87;24;0,3,5,7,8,9,10,11,12,13,14,15,16,17,18,19,20,21,22,23,26,27,28,29
88;30;0,1,2,3,4,5,6,7,8,9,10,11,12,13,14,15,16,17,18,19,20,21,22,23,24,25,26,27,28,29
89;25;2,3,5,6,7,8,9,10,11,12,13,14,15,16,17,18,19,20,21,22,23,25,26,27,29
90;25;2,3,5,6,7,8,9,10,11,12,13,14,15,16,17,18,19,20,21,22,23,25,26,27,29
91;14;1,2,4,6,8,12,14,15,18,20,21,24,25,27
92;24;0,3,5,7,8,9,10,11,12,13,14,15,16,17,18,19,20,21,22,23,26,27,28,29
93;30;0,1,2,3,4,5,6,7,8,9,10,11,12,13,14,15,16,17,18,19,20,21,22,23,24,25,26,27,28,29
94;25;2,3,5,6,7,8,9,10,11,12,13,14,15,16,17,18,19,20,21,22,23,25,26,27,29
95;30;0,1,2,3,4,5,6,7,8,9,10,11,12,13,14,15,16,17,18,19,20,21,22,23,24,25,26,27,28,29
96;14;1,2,4,6,8,12,14,15,18,20,21,24,25,27

[GAMMA]
0;122;17,18,19,20,21,22,23,24,25,26,27,28,29,30,31,32,33,34,35,36,37,38,39,40,41,42,43,44,45,46,47,48,49,60,61,62,63,64,65,66,67,68,69,70,71,72,73,74,75,76,77,78,79,80,81,82,83,84,85,86,87,88,103,104,105,106,107,108,109,110,111,112,113,114,115,116,136,137,138,139,140,141,142,143,144,145,146,147,148,149,150,151,152,153,154,155,156,157,158,159,160,161,162,163,164,171,172,173,174,175,176,177,178,179,180,181,182,183,184,185,186,187
1;84;0,1,2,3,4,5,6,7,8,9,17,18,19,20,21,22,23,24,25,26,27,28,29,30,50,51,52,53,54,55,56,57,58,59,73,74,75,76,77,78,103,104,105,106,107,108,109,110,111,112,113,114,115,116,117,118,119,120,121,122,123,124,125,126,127,128,129,130,131,132,133,134,135,165,166,167,168,169,170,188,189,190,191,192
2;24;0,1,2,3,4,5,6,7,8,9,17,18,19,20,21,22,23,24,25,26,27,28,29,30
3;146;10,11,12,13,14,15,16,17,18,19,20,21,22,23,24,25,26,27,28,29,30,31,32,33,34,35,36,37,38,39,40,41,42,43,44,45,46,47,48,49,50,51,52,53,54,55,56,57,58,59,89,90,91,92,93,94,95,96,97,98,99,100,101,102,103,104,105,106,107,108,109,110,111,112,113,114,115,116,117,118,119,120,121,122,123,124,125,126,127,136,137,138,139,140,141,142,143,144,145,146,147,148,149,150,151,152,153,154,155,156,157,158,159,160,161,162,163,164,165,166,167,168,169,170,171,172,173,174,175,176,177,178,179,180,181,182,183,184,185,186,187,188,189,190,191,192
4;93;31,32,33,34,35,36,37,38,39,40,41,50,51,52,53,54,55,56,57,58,59,89,90,91,92,93,94,95,96,97,98,99,100,101,102,103,104,105,106,107,108,109,110,111,112,113,114,115,116,128,129,130,131,132,133,134,135,143,144,145,146,147,148,149,150,151,152,153,154,155,156,157,158,159,160,161,162,163,164,165,166,167,168,169,170,180,181,182,183,184,185,186,187
5;7;10,11,12,13,14,15,16
6;126;0,1,2,3,4,5,6,7,8,9,17,18,19,20,21,22,23,24,25,26,27,28,29,30,31,32,33,34,35,36,37,38,39,40,41,42,43,44,45,46,47,48,49,50,51,52,53,54,55,56,57,58,59,73,74,75,76,77,78,103,104,105,106,107,108,109,110,111,112,113,114,115,116,117,118,119,120,121,122,123,124,125,126,127,143,144,145,146,147,148,149,150,151,152,153,154,155,156,157,158,159,160,161,162,163,164,165,166,167,168,169,170,171,172,173,174,175,176,177,178,179,188,189,190,191,192
7;193;0,1,2,3,4,5,6,7,8,9,10,11,12,13,14,15,16,17,18,19,20,21,22,23,24,25,26,27,28,29,30,31,32,33,34,35,36,37,38,39,40,41,42,43,44,45,46,47,48,49,50,51,52,53,54,55,56,57,58,59,60,61,62,63,64,65,66,67,68,69,70,71,72,73,74,75,76,77,78,79,80,81,82,83,84,85,86,87,88,89,90,91,92,93,94,95,96,97,98,99,100,101,102,103,104,105,106,107,108,109,110,111,112,113,114,115,116,117,118,119,120,121,122,123,124,125,126,127,128,129,130,131,132,133,134,135,136,137,138,139,140,141,142,143,144,145,146,147,148,149,150,151,152,153,154,155,156,157,158,159,160,161,162,163,164,165,166,167,168,169,170,171,172,173,174,175,176,177,178,179,180,181,182,183,184,185,186,187,188,189,190,191,192
8;193;0,1,2,3,4,5,6,7,8,9,10,11,12,13,14,15,16,17,18,19,20,21,22,23,24,25,26,27,28,29,30,31,32,33,34,35,36,37,38,39,40,41,42,43,44,45,46,47,48,49,50,51,52,53,54,55,56,57,58,59,60,61,62,63,64,65,66,67,68,69,70,71,72,73,74,75,76,77,78,79,80,81,82,83,84,85,86,87,88,89,90,91,92,93,94,95,96,97,98,99,100,101,102,103,104,105,106,107,108,109,110,111,112,113,114,115,116,117,118,119,120,121,122,123,124,125,126,127,128,129,130,131,132,133,134,135,136,137,138,139,140,141,142,143,144,145,146,147,148,149,150,151,152,153,154,155,156,157,158,159,160,161,162,163,164,165,166,167,168,169,170,171,172,173,174,175,176,177,178,179,180,181,182,183,184,185,186,187,188,189,190,191,192
9;24;79,80,81,82,83,84,85,86,87,88,89,90,91,92,93,94,95,96,97,98,99,100,101,102
10;193;0,1,2,3,4,5,6,7,8,9,10,11,12,13,14,15,16,17,18,19,20,21,22,23,24,25,26,27,28,29,30,31,32,33,34,35,36,37,38,39,40,41,42,43,44,45,46,47,48,49,50,51,52,53,54,55,56,57,58,59,60,61,62,63,64,65,66,67,68,69,70,71,72,73,74,75,76,77,78,79,80,81,82,83,84,85,86,87,88,89,90,91,92,93,94,95,96,97,98,99,100,101,102,103,104,105,106,107,108,109,110,111,112,113,114,115,116,117,118,119,120,121,122,123,124,125,126,127,128,129,130,131,132,133,134,135,136,137,138,139,140,141,142,143,144,145,146,147,148,149,150,151,152,153,154,155,156,157,158,159,160,161,162,163,164,165,166,167,168,169,170,171,172,173,174,175,176,177,178,179,180,181,182,183,184,185,186,187,188,189,190,191,192
11;75;17,18,19,20,21,22,23,24,25,26,27,28,29,30,31,32,33,34,35,36,37,38,39,40,41,50,51,52,53,54,55,56,57,58,59,73,74,75,76,77,78,89,90,91,92,93,94,95,96,97,98,99,100,101,102,143,144,145,146,147,148,149,150,151,152,153,171,172,173,174,175,176,177,178,179
12;193;0,1,2,3,4,5,6,7,8,9,10,11,12,13,14,15,16,17,18,19,20,21,22,23,24,25,26,27,28,29,30,31,32,33,34,35,36,37,38,39,40,41,42,43,44,45,46,47,48,49,50,51,52,53,54,55,56,57,58,59,60,61,62,63,64,65,66,67,68,69,70,71,72,73,74,75,76,77,78,79,80,81,82,83,84,85,86,87,88,89,90,91,92,93,94,95,96,97,98,99,100,101,102,103,104,105,106,107,108,109,110,111,112,113,114,115,116,117,118,119,120,121,122,123,124,125,126,127,128,129,130,131,132,133,134,135,136,137,138,139,140,141,142,143,144,145,146,147,148,149,150,151,152,153,154,155,156,157,158,159,160,161,162,163,164,165,166,167,168,169,170,171,172,173,174,175,176,177,178,179,180,181,182,183,184,185,186,187,188,189,190,191,192
13;39;10,11,12,13,14,15,16,79,80,81,82,83,84,85,86,87,88,117,118,119,120,121,122,123,124,125,126,127,154,155,156,157,158,159,160,161,162,163,164
14;62;50,51,52,53,54,55,56,57,58,59,60,61,62,63,64,65,66,67,68,69,70,71,72,79,80,81,82,83,84,85,86,87,88,103,104,105,106,107,108,109,110,111,112,113,114,115,116,165,166,167,168,169,170,171,172,173,174,175,176,177,178,179
15;59;10,11,12,13,14,15,16,50,51,52,53,54,55,56,57,58,59,73,74,75,76,77,78,89,90,91,92,93,94,95,96,97,98,99,100,101,102,103,104,105,106,107,108,109,110,111,112,113,114,115,116,180,181,182,183,184,185,186,187
16;85;17,18,19,20,21,22,23,24,25,26,27,28,29,30,31,32,33,34,35,36,37,38,39,40,41,42,43,44,45,46,47,48,49,50,51,52,53,54,55,56,57,58,59,60,61,62,63,64,65,66,67,68,69,70,71,72,79,80,81,82,83,84,85,86,87,88,117,118,119,120,121,122,123,124,125,126,127,128,129,130,131,132,133,134,135
17;172;0,1,2,3,4,5,6,7,8,9,10,11,12,13,14,15,16,17,18,19,20,21,22,23,24,25,26,27,28,29,30,31,32,33,34,35,36,37,38,39,40,41,42,43,44,45,46,47,48,49,50,51,52,53,54,55,56,57,58,59,73,74,75,76,77,78,79,80,81,82,83,84,85,86,87,88,89,90,91,92,93,94,95,96,97,98,99,100,101,102,103,104,105,106,107,108,109,110,111,112,113,114,115,116,117,118,119,120,121,122,123,124,125,126,127,136,137,138,139,140,141,142,143,144,145,146,147,148,149,150,151,152,153,154,155,156,157,158,159,160,161,162,163,164,165,166,167,168,169,170,171,172,173,174,175,176,177,178,179,180,181,182,183,184,185,186,187,188,189,190,191,192
18;164;0,1,2,3,4,5,6,7,8,9,10,11,12,13,14,15,16,17,18,19,20,21,22,23,24,25,26,27,28,29,30,31,32,33,34,35,36,37,38,39,40,41,42,43,44,45,46,47,48,49,60,61,62,63,64,65,66,67,68,69,70,71,72,73,74,75,76,77,78,79,80,81,82,83,84,85,86,87,88,103,104,105,106,107,108,109,110,111,112,113,114,115,116,117,118,119,120,121,122,123,124,125,126,127,128,129,130,131,132,133,134,135,136,137,138,139,140,141,142,143,144,145,146,147,148,149,150,151,152,153,154,155,156,157,158,159,160,161,162,163,164,165,166,167,168,169,170,171,172,173,174,175,176,177,178,179,180,181,182,183,184,185,186,187
19;80;10,11,12,13,14,15,16,31,32,33,34,35,36,37,38,39,40,41,50,51,52,53,54,55,56,57,58,59,79,80,81,82,83,84,85,86,87,88,103,104,105,106,107,108,109,110,111,112,113,114,115,116,117,118,119,120,121,122,123,124,125,126,127,171,172,173,174,175,176,177,178,179,180,181,182,183,184,185,186,187
20;153;0,1,2,3,4,5,6,7,8,9,17,18,19,20,21,22,23,24,25,26,27,28,29,30,31,32,33,34,35,36,37,38,39,40,41,50,51,52,53,54,55,56,57,58,59,60,61,62,63,64,65,66,67,68,69,70,71,72,79,80,81,82,83,84,85,86,87,88,89,90,91,92,93,94,95,96,97,98,99,100,101,102,103,104,105,106,107,108,109,110,111,112,113,114,115,116,117,118,119,120,121,122,123,124,125,126,127,136,137,138,139,140,141,142,143,144,145,146,147,148,149,150,151,152,153,165,166,167,168,169,170,171,172,173,174,175,176,177,178,179,180,181,182,183,184,185,186,187,188,189,190,191,192
21;150;0,1,2,3,4,5,6,7,8,9,10,11,12,13,14,15,16,17,18,19,20,21,22,23,24,25,26,27,28,29,30,31,32,33,34,35,36,37,38,39,40,41,50,51,52,53,54,55,56,57,58,59,60,61,62,63,64,65,66,67,68,69,70,71,72,73,74,75,76,77,78,79,80,81,82,83,84,85,86,87,88,89,90,91,92,93,94,95,96,97,98,99,100,101,102,103,104,105,106,107,108,109,110,111,112,113,114,115,116,128,129,130,131,132,133,134,135,143,144,145,146,147,148,149,150,151,152,153,171,172,173,174,175,176,177,178,179,180,181,182,183,184,185,186,187,188,189,190,191,192
22;11;143,144,145,146,147,148,149,150,151,152,153
23;102;10,11,12,13,14,15,16,31,32,33,34,35,36,37,38,39,40,41,50,51,52,53,54,55,56,57,58,59,60,61,62,63,64,65,66,67,68,69,70,71,72,79,80,81,82,83,84,85,86,87,88,128,129,130,131,132,133,134,135,136,137,138,139,140,141,142,143,144,145,146,147,148,149,150,151,152,153,154,155,156,157,158,159,160,161,162,163,164,171,172,173,174,175,176,177,178,179,188,189,190,191,192
24;183;0,1,2,3,4,5,6,7,8,9,10,11,12,13,14,15,16,17,18,19,20,21,22,23,24,25,26,27,28,29,30,31,32,33,34,35,36,37,38,39,40,41,42,43,44,45,46,47,48,49,50,51,52,53,54,55,56,57,58,59,60,61,62,63,64,65,66,67,68,69,70,71,72,73,74,75,76,77,78,89,90,91,92,93,94,95,96,97,98,99,100,101,102,103,104,105,106,107,108,109,110,111,112,113,114,115,116,117,118,119,120,121,122,123,124,125,126,127,128,129,130,131,132,133,134,135,136,137,138,139,140,141,142,143,144,145,146,147,148,149,150,151,152,153,154,155,156,157,158,159,160,161,162,163,164,165,166,167,168,169,170,171,172,173,174,175,176,177,178,179,180,181,182,183,184,185,186,187,188,189,190,191,192
25;174;0,1,2,3,4,5,6,7,8,9,10,11,12,13,14,15,16,17,18,19,20,21,22,23,24,25,26,27,28,29,30,31,32,33,34,35,36,37,38,39,40,41,42,43,44,45,46,47,48,49,50,51,52,53,54,55,56,57,58,59,73,74,75,76,77,78,79,80,81,82,83,84,85,86,87,88,89,90,91,92,93,94,95,96,97,98,99,100,101,102,103,104,105,106,107,108,109,110,111,112,113,114,115,116,117,118,119,120,121,122,123,124,125,126,127,128,129,130,131,132,133,134,135,136,137,138,139,140,141,142,143,144,145,146,147,148,149,150,151,152,153,154,155,156,157,158,159,160,161,162,163,164,171,172,173,174,175,176,177,178,179,180,181,182,183,184,185,186,187,188,189,190,191,192
26;161;0,1,2,3,4,5,6,7,8,9,10,11,12,13,14,15,16,17,18,19,20,21,22,23,24,25,26,27,28,29,30,42,43,44,45,46,47,48,49,50,51,52,53,54,55,56,57,58,59,60,61,62,63,64,65,66,67,68,69,70,71,72,73,74,75,76,77,78,89,90,91,92,93,94,95,96,97,98,99,100,101,102,103,104,105,106,107,108,109,110,111,112,113,114,115,116,128,129,130,131,132,133,134,135,136,137,138,139,140,141,142,143,144,145,146,147,148,149,150,151,152,153,154,155,156,157,158,159,160,161,162,163,164,165,166,167,168,169,170,171,172,173,174,175,176,177,178,179,180,181,182,183,184,185,186,187,188,189,190,191,192
27;153;0,1,2,3,4,5,6,7,8,9,10,11,12,13,14,15,16,17,18,19,20,21,22,23,24,25,26,27,28,29,30,31,32,33,34,35,36,37,38,39,40,41,42,43,44,45,46,47,48,49,50,51,52,53,54,55,56,57,58,59,73,74,75,76,77,78,79,80,81,82,83,84,85,86,87,88,103,104,105,106,107,108,109,110,111,112,113,114,115,116,117,118,119,120,121,122,123,124,125,126,127,136,137,138,139,140,141,142,143,144,145,146,147,148,149,150,151,152,153,154,155,156,157,158,159,160,161,162,163,164,165,166,167,168,169,170,171,172,173,174,175,176,177,178,179,180,181,182,183,184,185,186,187
28;105;31,32,33,34,35,36,37,38,39,40,41,60,61,62,63,64,65,66,67,68,69,70,71,72,89,90,91,92,93,94,95,96,97,98,99,100,101,102,103,104,105,106,107,108,109,110,111,112,113,114,115,116,117,118,119,120,121,122,123,124,125,126,127,136,137,138,139,140,141,142,143,144,145,146,147,148,149,150,151,152,153,154,155,156,157,158,159,160,161,162,163,164,180,181,182,183,184,185,186,187,188,189,190,191,192
29;110;0,1,2,3,4,5,6,7,8,9,31,32,33,34,35,36,37,38,39,40,41,42,43,44,45,46,47,48,49,50,51,52,53,54,55,56,57,58,59,73,74,75,76,77,78,79,80,81,82,83,84,85,86,87,88,103,104,105,106,107,108,109,110,111,112,113,114,115,116,136,137,138,139,140,141,142,143,144,145,146,147,148,149,150,151,152,153,165,166,167,168,169,170,171,172,173,174,175,176,177,178,179,180,181,182,183,184,185,186,187

[OMEGA]
0;55;1,2,4,5,6,7,8,10,14,15,17,18,19,20,23,24,25,26,29,31,32,34,36,37,38,39,40,42,46,48,49,52,53,54,55,57,58,59,61,65,69,70,71,72,75,77,78,79,81,86,87,88,92,93,95
1;45;0,2,6,9,10,11,13,14,16,17,18,19,20,24,27,31,32,33,38,40,42,44,45,47,48,50,56,58,59,60,62,65,69,72,74,76,78,79,80,82,88,91,93,95,96
2;67;0,2,3,6,9,10,11,12,13,14,16,17,18,19,20,21,22,24,27,28,30,31,32,33,35,38,40,41,42,43,44,45,47,48,50,51,56,58,59,60,62,63,64,65,66,67,68,69,72,73,74,76,78,79,80,82,83,84,85,88,89,90,91,93,94,95,96
3;77;1,2,3,4,5,6,7,8,10,12,14,15,17,18,19,20,21,22,23,24,25,26,28,29,30,31,32,34,35,36,37,38,39,40,41,42,43,46,48,49,51,52,53,54,55,57,58,59,61,63,64,65,66,67,68,69,70,71,72,73,75,77,78,79,81,83,84,85,86,87,88,89,90,92,93,94,95
4;45;0,2,6,9,10,11,13,14,16,17,18,19,20,24,27,31,32,33,38,40,42,44,45,47,48,50,56,58,59,60,62,65,69,72,74,76,78,79,80,82,88,91,93,95,96
5;77;1,2,3,4,5,6,7,8,10,12,14,15,17,18,19,20,21,22,23,24,25,26,28,29,30,31,32,34,35,36,37,38,39,40,41,42,43,46,48,49,51,52,53,54,55,57,58,59,61,63,64,65,66,67,68,69,70,71,72,73,75,77,78,79,81,83,84,85,86,87,88,89,90,92,93,94,95
6;67;0,2,3,6,9,10,11,12,13,14,16,17,18,19,20,21,22,24,27,28,30,31,32,33,35,38,40,41,42,43,44,45,47,48,50,51,56,58,59,60,62,63,64,65,66,67,68,69,72,73,74,76,78,79,80,82,83,84,85,88,89,90,91,93,94,95,96
7;77;1,2,3,4,5,6,7,8,10,12,14,15,17,18,19,20,21,22,23,24,25,26,28,29,30,31,32,34,35,36,37,38,39,40,41,42,43,46,48,49,51,52,53,54,55,57,58,59,61,63,64,65,66,67,68,69,70,71,72,73,75,77,78,79,81,83,84,85,86,87,88,89,90,92,93,94,95
8;97;0,1,2,3,4,5,6,7,8,9,10,11,12,13,14,15,16,17,18,19,20,21,22,23,24,25,26,27,28,29,30,31,32,33,34,35,36,37,38,39,40,41,42,43,44,45,46,47,48,49,50,51,52,53,54,55,56,57,58,59,60,61,62,63,64,65,66,67,68,69,70,71,72,73,74,75,76,77,78,79,80,81,82,83,84,85,86,87,88,89,90,91,92,93,94,95,96
9;77;1,2,3,4,5,6,7,8,10,12,14,15,17,18,19,20,21,22,23,24,25,26,28,29,30,31,32,34,35,36,37,38,39,40,41,42,43,46,48,49,51,52,53,54,55,57,58,59,61,63,64,65,66,67,68,69,70,71,72,73,75,77,78,79,81,83,84,85,86,87,88,89,90,92,93,94,95
10;77;1,2,3,4,5,6,7,8,10,12,14,15,17,18,19,20,21,22,23,24,25,26,28,29,30,31,32,34,35,36,37,38,39,40,41,42,43,46,48,49,51,52,53,54,55,57,58,59,61,63,64,65,66,67,68,69,70,71,72,73,75,77,78,79,81,83,84,85,86,87,88,89,90,92,93,94,95
11;77;1,2,3,4,5,6,7,8,10,12,14,15,17,18,19,20,21,22,23,24,25,26,28,29,30,31,32,34,35,36,37,38,39,40,41,42,43,46,48,49,51,52,53,54,55,57,58,59,61,63,64,65,66,67,68,69,70,71,72,73,75,77,78,79,81,83,84,85,86,87,88,89,90,92,93,94,95
12;97;0,1,2,3,4,5,6,7,8,9,10,11,12,13,14,15,16,17,18,19,20,21,22,23,24,25,26,27,28,29,30,31,32,33,34,35,36,37,38,39,40,41,42,43,44,45,46,47,48,49,50,51,52,53,54,55,56,57,58,59,60,61,62,63,64,65,66,67,68,69,70,71,72,73,74,75,76,77,78,79,80,81,82,83,84,85,86,87,88,89,90,91,92,93,94,95,96
13;77;1,2,3,4,5,6,7,8,10,12,14,15,17,18,19,20,21,22,23,24,25,26,28,29,30,31,32,34,35,36,37,38,39,40,41,42,43,46,48,49,51,52,53,54,55,57,58,59,61,63,64,65,66,67,68,69,70,71,72,73,75,77,78,79,81,83,84,85,86,87,88,89,90,92,93,94,95
14;97;0,1,2,3,4,5,6,7,8,9,10,11,12,13,14,15,16,17,18,19,20,21,22,23,24,25,26,27,28,29,30,31,32,33,34,35,36,37,38,39,40,41,42,43,44,45,46,47,48,49,50,51,52,53,54,55,56,57,58,59,60,61,62,63,64,65,66,67,68,69,70,71,72,73,74,75,76,77,78,79,80,81,82,83,84,85,86,87,88,89,90,91,92,93,94,95,96
15;97;0,1,2,3,4,5,6,7,8,9,10,11,12,13,14,15,16,17,18,19,20,21,22,23,24,25,26,27,28,29,30,31,32,33,34,35,36,37,38,39,40,41,42,43,44,45,46,47,48,49,50,51,52,53,54,55,56,57,58,59,60,61,62,63,64,65,66,67,68,69,70,71,72,73,74,75,76,77,78,79,80,81,82,83,84,85,86,87,88,89,90,91,92,93,94,95,96
16;77;1,2,3,4,5,6,7,8,10,12,14,15,17,18,19,20,21,22,23,24,25,26,28,29,30,31,32,34,35,36,37,38,39,40,41,42,43,46,48,49,51,52,53,54,55,57,58,59,61,63,64,65,66,67,68,69,70,71,72,73,75,77,78,79,81,83,84,85,86,87,88,89,90,92,93,94,95
17;77;1,2,3,4,5,6,7,8,10,12,14,15,17,18,19,20,21,22,23,24,25,26,28,29,30,31,32,34,35,36,37,38,39,40,41,42,43,46,48,49,51,52,53,54,55,57,58,59,61,63,64,65,66,67,68,69,70,71,72,73,75,77,78,79,81,83,84,85,86,87,88,89,90,92,93,94,95
18;97;0,1,2,3,4,5,6,7,8,9,10,11,12,13,14,15,16,17,18,19,20,21,22,23,24,25,26,27,28,29,30,31,32,33,34,35,36,37,38,39,40,41,42,43,44,45,46,47,48,49,50,51,52,53,54,55,56,57,58,59,60,61,62,63,64,65,66,67,68,69,70,71,72,73,74,75,76,77,78,79,80,81,82,83,84,85,86,87,88,89,90,91,92,93,94,95,96
19;77;1,2,3,4,5,6,7,8,10,12,14,15,17,18,19,20,21,22,23,24,25,26,28,29,30,31,32,34,35,36,37,38,39,40,41,42,43,46,48,49,51,52,53,54,55,57,58,59,61,63,64,65,66,67,68,69,70,71,72,73,75,77,78,79,81,83,84,85,86,87,88,89,90,92,93,94,95
20;97;0,1,2,3,4,5,6,7,8,9,10,11,12,13,14,15,16,17,18,19,20,21,22,23,24,25,26,27,28,29,30,31,32,33,34,35,36,37,38,39,40,41,42,43,44,45,46,47,48,49,50,51,52,53,54,55,56,57,58,59,60,61,62,63,64,65,66,67,68,69,70,71,72,73,74,75,76,77,78,79,80,81,82,83,84,85,86,87,88,89,90,91,92,93,94,95,96
21;97;0,1,2,3,4,5,6,7,8,9,10,11,12,13,14,15,16,17,18,19,20,21,22,23,24,25,26,27,28,29,30,31,32,33,34,35,36,37,38,39,40,41,42,43,44,45,46,47,48,49,50,51,52,53,54,55,56,57,58,59,60,61,62,63,64,65,66,67,68,69,70,71,72,73,74,75,76,77,78,79,80,81,82,83,84,85,86,87,88,89,90,91,92,93,94,95,96
22;77;1,2,3,4,5,6,7,8,10,12,14,15,17,18,19,20,21,22,23,24,25,26,28,29,30,31,32,34,35,36,37,38,39,40,41,42,43,46,48,49,51,52,53,54,55,57,58,59,61,63,64,65,66,67,68,69,70,71,72,73,75,77,78,79,81,83,84,85,86,87,88,89,90,92,93,94,95
23;77;1,2,3,4,5,6,7,8,10,12,14,15,17,18,19,20,21,22,23,24,25,26,28,29,30,31,32,34,35,36,37,38,39,40,41,42,43,46,48,49,51,52,53,54,55,57,58,59,61,63,64,65,66,67,68,69,70,71,72,73,75,77,78,79,81,83,84,85,86,87,88,89,90,92,93,94,95
24;45;0,2,6,9,10,11,13,14,16,17,18,19,20,24,27,31,32,33,38,40,42,44,45,47,48,50,56,58,59,60,62,65,69,72,74,76,78,79,80,82,88,91,93,95,96
25;67;0,2,3,6,9,10,11,12,13,14,16,17,18,19,20,21,22,24,27,28,30,31,32,33,35,38,40,41,42,43,44,45,47,48,50,51,56,58,59,60,62,63,64,65,66,67,68,69,72,73,74,76,78,79,80,82,83,84,85,88,89,90,91,93,94,95,96
26;77;1,2,3,4,5,6,7,8,10,12,14,15,17,18,19,20,21,22,23,24,25,26,28,29,30,31,32,34,35,36,37,38,39,40,41,42,43,46,48,49,51,52,53,54,55,57,58,59,61,63,64,65,66,67,68,69,70,71,72,73,75,77,78,79,81,83,84,85,86,87,88,89,90,92,93,94,95
27;97;0,1,2,3,4,5,6,7,8,9,10,11,12,13,14,15,16,17,18,19,20,21,22,23,24,25,26,27,28,29,30,31,32,33,34,35,36,37,38,39,40,41,42,43,44,45,46,47,48,49,50,51,52,53,54,55,56,57,58,59,60,61,62,63,64,65,66,67,68,69,70,71,72,73,74,75,76,77,78,79,80,81,82,83,84,85,86,87,88,89,90,91,92,93,94,95,96
28;55;1,2,4,5,6,7,8,10,14,15,17,18,19,20,23,24,25,26,29,31,32,34,36,37,38,39,40,42,46,48,49,52,53,54,55,57,58,59,61,65,69,70,71,72,75,77,78,79,81,86,87,88,92,93,95
29;77;1,2,3,4,5,6,7,8,10,12,14,15,17,18,19,20,21,22,23,24,25,26,28,29,30,31,32,34,35,36,37,38,39,40,41,42,43,46,48,49,51,52,53,54,55,57,58,59,61,63,64,65,66,67,68,69,70,71,72,73,75,77,78,79,81,83,84,85,86,87,88,89,90,92,93,94,95
