[METADATA]
NUM_REGIOES=20
NUM_CLIENTES=193
NUM_VEICULOS=30
NUM_OFERTAS=97
NUM_ITENS=97

[TIPOS_ITENS]
0;chapa
1;tira
2;perfil
3;tubo

[REGIOES]
0
1
2
3
4
5
6
7
8
9
10
11
12
13
14
15
16
17
18
19

[CLIENTES]
0;4,6,49,57,69,73
1;41,60,80
2;31,65,95
3;38
4;25,40,50,77,83
5;42
6;40,60,62
7;9,44,47,52
8;13,42,60
9;13,33,59,65,66
10;41,87
11;1,60
12;41,60
13;25,47,87
14;35,48,67
15;18,48
16;60,92
17;27,37,38,40,60
18;54
19;48,72,78
20;55,87
21;3,55,95
22;5,15,24
23;63
24;10,19,24
25;14,60,70
26;41,50
27;2,70
28;35,95
29;27,59
30;36,54
31;15,16,54
32;18,20,71,74,92
33;18,25,94
34;27,66
35;2,40,95
36;26,83
37;14,77,87
38;80,91
39;60
40;59,67,82,92
41;18,37
42;34,60,87
43;75,95
44;11,14,31
45;47,65,76,92
46;87,90
47;34,87
48;40
49;31,35,65
50;40,56,60,62
51;55
52;48,55,60
53;2,60
54;19,64
55;75
56;52,55
57;85,93
58;81,91
59;14,18,54
60;26
61;41,50
62;55,74,75
63;47,53,82,89
64;9,65,93
65;21,40,50
66;21
67;19,61
68;54
69;67,92
70;54
71;11,59
72;41,74
73;15,54,82,95
74;80,87
75;19,31
76;19,46,80,91
77;10,40,81
78;14,54
79;0,53,63
80;60
81;19,64,80
82;38,90
83;27,55,77
84;32,74
85;67,86
86;77,81
87;18,46
88;18,25,50,87
89;19,33,54
90;22,24,27,62,63
91;7,17,29,60,68
92;47,48
93;2,36,74
94;36,60,81
95;90
96;77
97;29
98;41,60,64
99;36,38,61
100;47,83
101;9,67
102;24,48,68,84,88,96
103;5,20,40
104;38,95
105;35,48,59
106;10
107;63,94
108;19,43,45,75
109;0,82
110;32,95
111;50
112;2,15,40,95
113;26,74,77
114;12,27,67
115;52,60,79,87
116;7,18
117;15,24,26,36,40
118;52,82
119;30,92
120;18,79,87
121;56,58
122;41
123;41,52
124;54,55,61,68,74
125;17,23
126;35,81
127;2,18,23
128;93
129;58,59,92
130;33,50
131;60
132;17
133;34,83,89
134;66,82,93
135;15
136;9,25,50,52,77
137;15,60
138;87,92
139;30,86
140;0,2,38,60
141;20,40,56
142;23,51
143;31,47,61,75
144;9,19,29,78
145;19
146;61,62,71
147;24,25
148;19,23,65,85
149;74
150;42,79
151;37,65
152;54
153;19,50
154;26,40,95
155;16,44,60,79
156;20,35,61,68
157;62,83
158;8,21
159;5,29,39
160;29,52,64
161;15,18,87
162;26,65
163;41,61,81,87
164;16,93
165;14,65,92
166;9,27,30,81,92
167;78,82
168;40,48,51
169;24,48,89
170;14,87
171;5,48,74,95
172;65,80
173;14
174;3,41,50,52
175;74,92,95
176;37,43,55
177;83
178;9,46
179;10,53,78,89
180;24,95
181;1,27,67
182;9,28,93
183;50,89
184;14,15,35,50
185;51,53,91
186;5,14,18,61
187;13,60
188;40,55
189;18,29,41
190;1,51,68,92
191;67,95
192;34,87

[VEICULOS]
0;23000;40;2800;11500.0
1;74000;100;3550;37000.0
2;33000;70;1650;16500.0
3;41000;75;3950;20500.0
4;74000;100;3550;37000.0
5;33000;50;1350;16500.0
6;33000;70;3300;16500.0
7;41000;75;4700;20500.0
8;57000;90;4500;28500.0
9;33000;50;1500;16500.0
10;33000;50;4200;16500.0
11;33000;50;2250;16500.0
12;57000;90;4500;28500.0
13;41000;75;2300;20500.0
14;74000;110;2900;37000.0
15;45000;85;2500;22500.0
16;33000;50;2400;16500.0
17;33000;50;3900;16500.0
18;74000;110;4550;37000.0
19;33000;50;2400;16500.0
20;57000;90;3750;28500.0
21;45000;85;3850;22500.0
22;33000;50;1350;16500.0
23;33000;50;2850;16500.0
24;57000;80;4650;28500.0
25;33000;70;4050;16500.0
26;33000;50;3750;16500.0
27;45000;85;4000;22500.0
28;23000;40;2500;11500.0
29;33000;50;3000;16500.0

[OFERTAS]
0;0;2157;7.0;3.82
1;3;2718;8.0;2.53
2;2;2562;5.0;4.81
3;1;2677;6.0;3.88
4;3;2419;8.0;3.24
5;3;2360;8.0;3.96
6;2;2649;3.0;2.77
7;3;2329;6.0;2.97
8;3;2220;5.0;3.4
9;0;2137;8.0;4.25
10;2;3959;2.0;5.68
11;0;1705;10.0;4.56
12;1;3296;6.0;5.21
13;0;2855;5.0;2.61
14;2;2674;3.0;4.96
15;3;3818;8.0;5.95
16;0;2264;5.0;2.59
17;2;2826;5.0;2.64
18;2;3897;4.0;7.28
19;2;2907;5.0;4.86
20;2;2232;3.0;3.13
21;1;2295;5.0;3.07
22;1;2748;6.0;3.69
23;3;2451;6.0;4.63
24;2;2355;5.0;3.55
25;3;4527;5.0;9.26
26;3;2892;7.0;4.02
27;0;2784;10.0;3.59
28;1;1329;4.0;4.78
29;3;4122;8.0;9.66
30;1;3598;3.0;6.92
31;2;2649;4.0;4.95
32;2;3012;4.0;5.85
33;0;1789;5.0;2.82
34;3;2114;6.0;4.24
35;1;3142;5.0;6.18
36;3;1794;5.0;4.55
37;3;3102;4.0;5.44
38;2;1247;2.0;4.74
39;3;3109;4.0;6.73
40;2;4124;3.0;8.78
41;1;2611;4.0;2.65
42;2;2877;4.0;4.97
43;1;2207;5.0;3.71
44;0;3996;5.0;5.16
45;0;2926;10.0;4.28
46;3;2499;4.0;3.49
47;0;3381;5.0;5.94
48;2;1657;4.0;3.36
49;3;2894;6.0;4.47
50;0;3843;8.0;6.39
51;1;3138;4.0;5.32
52;3;2908;6.0;3.11
53;3;3337;5.0;6.51
54;3;2318;8.0;3.72
55;3;1868;4.0;3.21
56;0;3308;10.0;5.01
57;3;2851;7.0;2.93
58;2;2950;5.0;3.69
59;2;3998;3.0;5.47
60;0;3198;9.0;6.32
61;3;2179;6.0;3.22
62;0;2611;7.0;3.98
63;1;3083;3.0;5.34
64;1;3188;3.0;5.22
65;2;2041;4.0;4.4
66;1;3651;6.0;5.27
67;1;3075;3.0;7.41
68;1;3217;3.0;6.8
69;2;2617;5.0;2.85
70;3;3111;5.0;5.47
71;3;3082;5.0;6.31
72;2;3946;4.0;6.13
73;1;3327;4.0;6.16
74;0;4148;7.0;8.39
75;3;1644;8.0;3.86
76;0;1147;9.0;3.33
77;3;3752;7.0;5.35
78;2;3944;5.0;6.43
79;2;2727;3.0;3.28
80;0;2503;7.0;4.29
81;3;2452;8.0;3.36
82;0;2204;8.0;4.01
83;1;1212;3.0;2.87
84;1;3681;5.0;6.79
85;1;4149;6.0;7.95
86;3;2465;7.0;3.22
87;3;1733;6.0;3.97
88;2;3357;2.0;6.48
89;1;2094;6.0;4.24
90;1;3593;3.0;5.94
91;0;3220;10.0;6.84
92;3;2310;8.0;2.97
93;2;2403;4.0;4.67
94;1;1641;3.0;4.36
95;2;3740;3.0;5.01
96;0;3486;7.0;7.31

[ITENS]
0;0;0;2157;7.0;3.82
1;1;3;2718;8.0;2.53
2;2;2;2562;5.0;4.81
3;3;1;2677;6.0;3.88
4;4;3;2419;8.0;3.24
5;5;3;2360;8.0;3.96
6;6;2;2649;3.0;2.77
7;7;3;2329;6.0;2.97
8;8;3;2220;5.0;3.4
9;9;0;2137;8.0;4.25
10;10;2;3959;2.0;5.68
11;11;0;1705;10.0;4.56
12;12;1;3296;6.0;5.21
13;13;0;2855;5.0;2.61
14;14;2;2674;3.0;4.96
15;15;3;3818;8.0;5.95
16;16;0;2264;5.0;2.59
17;17;2;2826;5.0;2.64
18;18;2;3897;4.0;7.28
19;19;2;2907;5.0;4.86
20;20;2;2232;3.0;3.13
21;21;1;2295;5.0;3.07
22;22;1;2748;6.0;3.69
23;23;3;2451;6.0;4.63
24;24;2;2355;5.0;3.55
25;25;3;4527;5.0;9.26
26;26;3;2892;7.0;4.02
27;27;0;2784;10.0;3.59
28;28;1;1329;4.0;4.78
29;29;3;4122;8.0;9.66
30;30;1;3598;3.0;6.92
31;31;2;2649;4.0;4.95
32;32;2;3012;4.0;5.85
33;33;0;1789;5.0;2.82
34;34;3;2114;6.0;4.24
35;35;1;3142;5.0;6.18
36;36;3;1794;5.0;4.55
37;37;3;3102;4.0;5.44
38;38;2;1247;2.0;4.74
39;39;3;3109;4.0;6.73
40;40;2;4124;3.0;8.78
41;41;1;2611;4.0;2.65
42;42;2;2877;4.0;4.97
43;43;1;2207;5.0;3.71
44;44;0;3996;5.0;5.16
45;45;0;2926;10.0;4.28
46;46;3;2499;4.0;3.49
47;47;0;3381;5.0;5.94
48;48;2;1657;4.0;3.36
49;49;3;2894;6.0;4.47
50;50;0;3843;8.0;6.39
51;51;1;3138;4.0;5.32
52;52;3;2908;6.0;3.11
53;53;3;3337;5.0;6.51
54;54;3;2318;8.0;3.72
55;55;3;1868;4.0;3.21
56;56;0;3308;10.0;5.01
57;57;3;2851;7.0;2.93
58;58;2;2950;5.0;3.69
59;59;2;3998;3.0;5.47
60;60;0;3198;9.0;6.32
61;61;3;2179;6.0;3.22
62;62;0;2611;7.0;3.98
63;63;1;3083;3.0;5.34
64;64;1;3188;3.0;5.22
65;65;2;2041;4.0;4.4
66;66;1;3651;6.0;5.27
67;67;1;3075;3.0;7.41
68;68;1;3217;3.0;6.8
69;69;2;2617;5.0;2.85
70;70;3;3111;5.0;5.47
71;71;3;3082;5.0;6.31
72;72;2;3946;4.0;6.13
73;73;1;3327;4.0;6.16
74;74;0;4148;7.0;8.39
75;75;3;1644;8.0;3.86
76;76;0;1147;9.0;3.33
77;77;3;3752;7.0;5.35
78;78;2;3944;5.0;6.43
79;79;2;2727;3.0;3.28
80;80;0;2503;7.0;4.29
81;81;3;2452;8.0;3.36
82;82;0;2204;8.0;4.01
83;83;1;1212;3.0;2.87
84;84;1;3681;5.0;6.79
85;85;1;4149;6.0;7.95
86;86;3;2465;7.0;3.22
87;87;3;1733;6.0;3.97
88;88;2;3357;2.0;6.48
89;89;1;2094;6.0;4.24
90;90;1;3593;3.0;5.94
91;91;0;3220;10.0;6.84
92;92;3;2310;8.0;2.97
93;93;2;2403;4.0;4.67
94;94;1;1641;3.0;4.36
95;95;2;3740;3.0;5.01
96;96;0;3486;7.0;7.31

[PHI]
0;3;79,109,140
1;3;11,181,190
2;7;27,35,53,93,112,127,140
3;2;21,174
4;1;0
5;5;22,103,159,171,186
6;1;0
7;2;91,116
8;1;158
9;8;7,64,101,136,144,166,178,182
10;4;24,77,106,179
11;2;44,71
12;1;114
13;3;8,9,187
14;10;25,37,44,59,78,165,170,173,184,186
15;9;22,31,73,112,117,135,137,161,184
16;3;31,155,164
17;3;91,125,132
18;13;15,32,33,41,59,87,88,116,120,127,161,186,189
19;12;24,54,67,75,76,81,89,108,144,145,148,153
20;4;32,103,141,156
21;3;65,66,158
22;1;90
23;4;125,127,142,148
24;8;22,24,90,102,117,147,169,180
25;6;4,13,33,88,136,147
26;6;36,60,113,117,154,162
27;8;17,29,34,83,90,114,166,181
28;1;182
29;6;91,97,144,159,160,189
30;3;119,139,166
31;5;2,44,49,75,143
32;2;84,110
33;3;9,89,130
34;4;42,47,133,192
35;7;14,28,49,105,126,156,184
36;5;30,93,94,99,117
37;4;17,41,151,176
38;6;3,17,82,99,104,140
39;1;159
40;15;4,6,17,35,48,50,65,77,103,112,117,141,154,168,188
41;12;1,10,12,26,61,72,98,122,123,163,174,189
42;3;5,8,150
43;2;108,176
44;2;7,155
45;1;108
46;3;76,87,178
47;7;7,13,45,63,92,100,143
48;10;14,15,19,52,92,102,105,168,169,171
49;1;0
50;12;4,26,61,65,88,111,130,136,153,174,183,184
51;4;142,168,185,190
52;8;7,56,115,118,123,136,160,174
53;4;63,79,179,185
54;11;18,30,31,59,68,70,73,78,89,124,152
55;10;20,21,51,52,56,62,83,124,176,188
56;3;50,121,141
57;1;0
58;2;121,129
59;6;9,29,40,71,105,129
60;23;1,6,8,11,12,16,17,25,39,42,50,52,53,80,91,94,98,115,131,137,140,155,187
61;8;67,99,124,143,146,156,163,186
62;5;6,50,90,146,157
63;4;23,79,90,107
64;4;54,81,98,160
65;10;2,9,45,49,64,148,151,162,165,172
66;3;9,34,134
67;8;14,40,69,85,101,114,181,191
68;5;91,102,124,156,190
69;1;0
70;2;25,27
71;2;32,146
72;1;19
73;1;0
74;10;32,62,72,84,93,113,124,149,171,175
75;5;43,55,62,108,143
76;1;45
77;7;4,37,83,86,96,113,136
78;4;19,144,167,179
79;4;115,120,150,155
80;6;1,38,74,76,81,172
81;7;58,77,86,94,126,163,166
82;7;40,63,73,109,118,134,167
83;6;4,36,100,133,157,177
84;1;102
85;2;57,148
86;2;85,139
87;16;10,13,20,37,42,46,47,74,88,115,120,138,161,163,170,192
88;1;102
89;5;63,133,169,179,183
90;3;46,82,95
91;4;38,58,76,185
92;12;16,32,40,45,69,119,129,138,165,166,175,190
93;6;57,64,128,134,164,182
94;2;33,107
95;14;2,21,28,35,43,73,104,110,112,154,171,175,180,191
96;1;102

[PSI]
0;14;1,2,4,6,8,12,14,15,18,20,21,24,25,27
1;24;0,3,5,7,8,9,10,11,12,13,14,15,16,17,18,19,20,21,22,23,26,27,28,29
2;30;0,1,2,3,4,5,6,7,8,9,10,11,12,13,14,15,16,17,18,19,20,21,22,23,24,25,26,27,28,29
3;25;2,3,5,6,7,8,9,10,11,12,13,14,15,16,17,18,19,20,21,22,23,25,26,27,29
4;24;0,3,5,7,8,9,10,11,12,13,14,15,16,17,18,19,20,21,22,23,26,27,28,29
5;24;0,3,5,7,8,9,10,11,12,13,14,15,16,17,18,19,20,21,22,23,26,27,28,29
6;30;0,1,2,3,4,5,6,7,8,9,10,11,12,13,14,15,16,17,18,19,20,21,22,23,24,25,26,27,28,29
7;24;0,3,5,7,8,9,10,11,12,13,14,15,16,17,18,19,20,21,22,23,26,27,28,29
8;24;0,3,5,7,8,9,10,11,12,13,14,15,16,17,18,19,20,21,22,23,26,27,28,29
9;14;1,2,4,6,8,12,14,15,18,20,21,24,25,27
10;30;0,1,2,3,4,5,6,7,8,9,10,11,12,13,14,15,16,17,18,19,20,21,22,23,24,25,26,27,28,29
11;14;1,2,4,6,8,12,14,15,18,20,21,24,25,27
12;25;2,3,5,6,7,8,9,10,11,12,13,14,15,16,17,18,19,20,21,22,23,25,26,27,29
13;14;1,2,4,6,8,12,14,15,18,20,21,24,25,27
14;30;0,1,2,3,4,5,6,7,8,9,10,11,12,13,14,15,16,17,18,19,20,21,22,23,24,25,26,27,28,29
15;24;0,3,5,7,8,9,10,11,12,13,14,15,16,17,18,19,20,21,22,23,26,27,28,29
16;14;1,2,4,6,8,12,14,15,18,20,21,24,25,27
17;30;0,1,2,3,4,5,6,7,8,9,10,11,12,13,14,15,16,17,18,19,20,21,22,23,24,25,26,27,28,29
18;30;0,1,2,3,4,5,6,7,8,9,10,11,12,13,14,15,16,17,18,19,20,21,22,23,24,25,26,27,28,29
19;30;0,1,2,3,4,5,6,7,8,9,10,11,12,13,14,15,16,17,18,19,20,21,22,23,24,25,26,27,28,29
20;30;0,1,2,3,4,5,6,7,8,9,10,11,12,13,14,15,16,17,18,19,20,21,22,23,24,25,26,27,28,29
21;25;2,3,5,6,7,8,9,10,11,12,13,14,15,16,17,18,19,20,21,22,23,25,26,27,29
22;25;2,3,5,6,7,8,9,10,11,12,13,14,15,16,17,18,19,20,21,22,23,25,26,27,29
23;24;0,3,5,7,8,9,10,11,12,13,14,15,16,17,18,19,20,21,22,23,26,27,28,29
24;30;0,1,2,3,4,5,6,7,8,9,10,11,12,13,14,15,16,17,18,19,20,21,22,23,24,25,26,27,28,29
25;24;0,3,5,7,8,9,10,11,12,13,14,15,16,17,18,19,20,21,22,23,26,27,28,29
26;24;0,3,5,7,8,9,10,11,12,13,14,15,16,17,18,19,20,21,22,23,26,27,28,29
27;14;1,2,4,6,8,12,14,15,18,20,21,24,25,27
28;25;2,3,5,6,7,8,9,10,11,12,13,14,15,16,17,18,19,20,21,22,23,25,26,27,29
29;24;0,3,5,7,8,9,10,11,12,13,14,15,16,17,18,19,20,21,22,23,26,27,28,29
30;25;2,3,5,6,7,8,9,10,11,12,13,14,15,16,17,18,19,20,21,22,23,25,26,27,29
31;30;0,1,2,3,4,5,6,7,8,9,10,11,12,13,14,15,16,17,18,19,20,21,22,23,24,25,26,27,28,29
32;30;0,1,2,3,4,5,6,7,8,9,10,11,12,13,14,15,16,17,18,19,20,21,22,23,24,25,26,27,28,29
33;14;1,2,4,6,8,12,14,15,18,20,21,24,25,27
34;24;0,3,5,7,8,9,10,11,12,13,14,15,16,17,18,19,20,21,22,23,26,27,28,29
35;25;2,3,5,6,7,8,9,10,11,12,13,14,15,16,17,18,19,20,21,22,23,25,26,27,29
36;24;0,3,5,7,8,9,10,11,12,13,14,15,16,17,18,19,20,21,22,23,26,27,28,29
37;24;0,3,5,7,8,9,10,11,12,13,14,15,16,17,18,19,20,21,22,23,26,27,28,29
38;30;0,1,2,3,4,5,6,7,8,9,10,11,12,13,14,15,16,17,18,19,20,21,22,23,24,25,26,27,28,29
39;24;0,3,5,7,8,9,10,11,12,13,14,15,16,17,18,19,20,21,22,23,26,27,28,29
40;30;0,1,2,3,4,5,6,7,8,9,10,11,12,13,14,15,16,17,18,19,20,21,22,23,24,25,26,27,28,29
41;25;2,3,5,6,7,8,9,10,11,12,13,14,15,16,17,18,19,20,21,22,23,25,26,27,29
42;30;0,1,2,3,4,5,6,7,8,9,10,11,12,13,14,15,16,17,18,19,20,21,22,23,24,25,26,27,28,29
43;25;2,3,5,6,7,8,9,10,11,12,13,14,15,16,17,18,19,20,21,22,23,25,26,27,29
44;14;1,2,4,6,8,12,14,15,18,20,21,24,25,27
45;14;1,2,4,6,8,12,14,15,18,20,21,24,25,27
46;24;0,3,5,7,8,9,10,11,12,13,14,15,16,17,18,19,20,21,22,23,26,27,28,29
47;14;1,2,4,6,8,12,14,15,18,20,21,24,25,27
48;30;0,1,2,3,4,5,6,7,8,9,10,11,12,13,14,15,16,17,18,19,20,21,22,23,24,25,26,27,28,29
49;24;0,3,5,7,8,9,10,11,12,13,14,15,16,17,18,19,20,21,22,23,26,27,28,29
50;14;1,2,4,6,8,12,14,15,18,20,21,24,25,27
51;25;2,3,5,6,7,8,9,10,11,12,13,14,15,16,17,18,19,20,21,22,23,25,26,27,29
52;24;0,3,5,7,8,9,10,11,12,13,14,15,16,17,18,19,20,21,22,23,26,27,28,29
53;24;0,3,5,7,8,9,10,11,12,13,14,15,16,17,18,19,20,21,22,23,26,27,28,29
54;24;0,3,5,7,8,9,10,11,12,13,14,15,16,17,18,19,20,21,22,23,26,27,28,29
55;24;0,3,5,7,8,9,10,11,12,13,14,15,16,17,18,19,20,21,22,23,26,27,28,29
56;14;1,2,4,6,8,12,14,15,18,20,21,24,25,27
57;24;0,3,5,7,8,9,10,11,12,13,14,15,16,17,18,19,20,21,22,23,26,27,28,29
58;30;0,1,2,3,4,5,6,7,8,9,10,11,12,13,14,15,16,17,18,19,20,21,22,23,24,25,26,27,28,29
59;30;0,1,2,3,4,5,6,7,8,9,10,11,12,13,14,15,16,17,18,19,20,21,22,23,24,25,26,27,28,29
60;14;1,2,4,6,8,12,14,15,18,20,21,24,25,27
61;24;0,3,5,7,8,9,10,11,12,13,14,15,16,17,18,19,20,21,22,23,26,27,28,29
62;14;1,2,4,6,8,12,14,15,18,20,21,24,25,27
63;25;2,3,5,6,7,8,9,10,11,12,13,14,15,16,17,18,19,20,21,22,23,25,26,27,29
64;25;2,3,5,6,7,8,9,10,11,12,13,14,15,16,17,18,19,20,21,22,23,25,26,27,29
65;30;0,1,2,3,4,5,6,7,8,9,10,11,12,13,14,15,16,17,18,19,20,21,22,23,24,25,26,27,28,29
66;25;2,3,5,6,7,8,9,10,11,12,13,14,15,16,17,18,19,20,21,22,23,25,26,27,29
67;25;2,3,5,6,7,8,9,10,11,12,13,14,15,16,17,18,19,20,21,22,23,25,26,27,29
68;25;2,3,5,6,7,8,9,10,11,12,13,14,15,16,17,18,19,20,21,22,23,25,26,27,29
69;30;0,1,2,3,4,5,6,7,8,9,10,11,12,13,14,15,16,17,18,19,20,21,22,23,24,25,26,27,28,29
70;24;0,3,5,7,8,9,10,11,12,13,14,15,16,17,18,19,20,21,22,23,26,27,28,29
71;24;0,3,5,7,8,9,10,11,12,13,14,15,16,17,18,19,20,21,22,23,26,27,28,29
72;30;0,1,2,3,4,5,6,7,8,9,10,11,12,13,14,15,16,17,18,19,20,21,22,23,24,25,26,27,28,29
73;25;2,3,5,6,7,8,9,10,11,12,13,14,15,16,17,18,19,20,21,22,23,25,26,27,29
74;14;1,2,4,6,8,12,14,15,18,20,21,24,25,27
75;24;0,3,5,7,8,9,10,11,12,13,14,15,16,17,18,19,20,21,22,23,26,27,28,29
76;14;1,2,4,6,8,12,14,15,18,20,21,24,25,27
77;24;0,3,5,7,8,9,10,11,12,13,14,15,16,17,18,19,20,21,22,23,26,27,28,29
78;30;0,1,2,3,4,5,6,7,8,9,10,11,12,13,14,15,16,17,18,19,20,21,22,23,24,25,26,27,28,29
79;30;0,1,2,3,4,5,6,7,8,9,10,11,12,13,14,15,16,17,18,19,20,21,22,23,24,25,26,27,28,29
80;14;1,2,4,6,8,12,14,15,18,20,21,24,25,27
81;24;0,3,5,7,8,9,10,11,12,13,14,15,16,17,18,19,20,21,22,23,26,27,28,29
82;14;1,2,4,6,8,12,14,15,18,20,21,24,25,27
83;25;2,3,5,6,7,8,9,10,11,12,13,14,15,16,17,18,19,20,21,22,23,25,26,27,29
84;25;2,3,5,6,7,8,9,10,11,12,13,14,15,16,17,18,19,20,21,22,23,25,26,27,29
85;25;2,3,5,6,7,8,9,10,11,12,13,14,15,16,17,18,19,20,21,22,23,25,26,27,29
86;24;0,3,5,7,8,9,10,11,12,13,14,15,16,17,18,19,20,21,22,23,26,27,28,29
87;24;0,3,5,7,8,9,10,11,12,13,14,15,16,17,18,19,20,21,22,23,26,27,28,29
88;30;0,1,2,3,4,5,6,7,8,9,10,11,12,13,14,15,16,17,18,19,20,21,22,23,24,25,26,27,28,29
89;25;2,3,5,6,7,8,9,10,11,12,13,14,15,16,17,18,19,20,21,22,23,25,26,27,29
90;25;2,3,5,6,7,8,9,10,11,12,13,14,15,16,17,18,19,20,21,22,23,25,26,27,29
91;14;1,2,4,6,8,12,14,15,18,20,21,24,25,27
92;24;0,3,5,7,8,9,10,11,12,13,14,15,16,17,18,19,20,21,22,23,26,27,28,29
93;30;0,1,2,3,4,5,6,7,8,9,10,11,12,13,14,15,16,17,18,19,20,21,22,23,24,25,26,27,28,29
94;25;2,3,5,6,7,8,9,10,11,12,13,14,15,16,17,18,19,20,21,22,23,25,26,27,29
95;30;0,1,2,3,4,5,6,7,8,9,10,11,12,13,14,15,16,17,18,19,20,21,22,23,24,25,26,27,28,29
96;14;1,2,4,6,8,12,14,15,18,20,21,24,25,27

[GAMMA]
0;122;17,18,19,20,21,22,23,24,25,26,27,28,29,30,31,32,33,34,35,36,37,38,39,40,41,42,43,44,45,46,47,48,49,60,61,62,63,64,65,66,67,68,69,70,71,72,73,74,75,76,77,78,79,80,81,82,83,84,85,86,87,88,103,104,105,106,107,108,109,110,111,112,113,114,115,116,136,137,138,139,140,141,142,143,144,145,146,147,148,149,150,151,152,153,154,155,156,157,158,159,160,161,162,163,164,171,172,173,174,175,176,177,178,179,180,181,182,183,184,185,186,187
1;84;0,1,2,3,4,5,6,7,8,9,17,18,19,20,21,22,23,24,25,26,27,28,29,30,50,51,52,53,54,55,56,57,58,59,73,74,75,76,77,78,103,104,105,106,107,108,109,110,111,112,113,114,115,116,117,118,119,120,121,122,123,124,125,126,127,128,129,130,131,132,133,134,135,165,166,167,168,169,170,188,189,190,191,192
2;24;0,1,2,3,4,5,6,7,8,9,17,18,19,20,21,22,23,24,25,26,27,28,29,30
3;146;10,11,12,13,14,15,16,17,18,19,20,21,22,23,24,25,26,27,28,29,30,31,32,33,34,35,36,37,38,39,40,41,42,43,44,45,46,47,48,49,50,51,52,53,54,55,56,57,58,59,89,90,91,92,93,94,95,96,97,98,99,100,101,102,103,104,105,106,107,108,109,110,111,112,113,114,115,116,117,118,119,120,121,122,123,124,125,126,127,136,137,138,139,140,141,142,143,144,145,146,147,148,149,150,151,152,153,154,155,156,157,158,159,160,161,162,163,164,165,166,167,168,169,170,171,172,173,174,175,176,177,178,179,180,181,182,183,184,185,186,187,188,189,190,191,192
4;93;31,32,33,34,35,36,37,38,39,40,41,50,51,52,53,54,55,56,57,58,59,89,90,91,92,93,94,95,96,97,98,99,100,101,102,103,104,105,106,107,108,109,110,111,112,113,114,115,116,128,129,130,131,132,133,134,135,143,144,145,146,147,148,149,150,151,152,153,154,155,156,157,158,159,160,161,162,163,164,165,166,167,168,169,170,180,181,182,183,184,185,186,187
5;7;10,11,12,13,14,15,16
6;126;0,1,2,3,4,5,6,7,8,9,17,18,19,20,21,22,23,24,25,26,27,28,29,30,31,32,33,34,35,36,37,38,39,40,41,42,43,44,45,46,47,48,49,50,51,52,53,54,55,56,57,58,59,73,74,75,76,77,78,103,104,105,106,107,108,109,110,111,112,113,114,115,116,117,118,119,120,121,122,123,124,125,126,127,143,144,145,146,147,148,149,150,151,152,153,154,155,156,157,158,159,160,161,162,163,164,165,166,167,168,169,170,171,172,173,174,175,176,177,178,179,188,189,190,191,192
7;193;0,1,2,3,4,5,6,7,8,9,10,11,12,13,14,15,16,17,18,19,20,21,22,23,24,25,26,27,28,29,30,31,32,33,34,35,36,37,38,39,40,41,42,43,44,45,46,47,48,49,50,51,52,53,54,55,56,57,58,59,60,61,62,63,64,65,66,67,68,69,70,71,72,73,74,75,76,77,78,79,80,81,82,83,84,85,86,87,88,89,90,91,92,93,94,95,96,97,98,99,100,101,102,103,104,105,106,107,108,109,110,111,112,113,114,115,116,117,118,119,120,121,122,123,124,125,126,127,128,129,130,131,132,133,134,135,136,137,138,139,140,141,142,143,144,145,146,147,148,149,150,151,152,153,154,155,156,157,158,159,160,161,162,163,164,165,166,167,168,169,170,171,172,173,174,175,176,177,178,179,180,181,182,183,184,185,186,187,188,189,190,191,192
8;193;0,1,2,3,4,5,6,7,8,9,10,11,12,13,14,15,16,17,18,19,20,21,22,23,24,25,26,27,28,29,30,31,32,33,34,35,36,37,38,39,40,41,42,43,44,45,46,47,48,49,50,51,52,53,54,55,56,57,58,59,60,61,62,63,64,65,66,67,68,69,70,71,72,73,74,75,76,77,78,79,80,81,82,83,84,85,86,87,88,89,90,91,92,93,94,95,96,97,98,99,100,101,102,103,104,105,106,107,108,109,110,111,112,113,114,115,116,117,118,119,120,121,122,123,124,125,126,127,128,129,130,131,132,133,134,135,136,137,138,139,140,141,142,143,144,145,146,147,148,149,150,151,152,153,154,155,156,157,158,159,160,161,162,163,164,165,166,167,168,169,170,171,172,173,174,175,176,177,178,179,180,181,182,183,184,185,186,187,188,189,190,191,192
9;24;79,80,81,82,83,84,85,86,87,88,89,90,91,92,93,94,95,96,97,98,99,100,101,102
10;193;0,1,2,3,4,5,6,7,8,9,10,11,12,13,14,15,16,17,18,19,20,21,22,23,24,25,26,27,28,29,30,31,32,33,34,35,36,37,38,39,40,41,42,43,44,45,46,47,48,49,50,51,52,53,54,55,56,57,58,59,60,61,62,63,64,65,66,67,68,69,70,71,72,73,74,75,76,77,78,79,80,81,82,83,84,85,86,87,88,89,90,91,92,93,94,95,96,97,98,99,100,101,102,103,104,105,106,107,108,109,110,111,112,113,114,115,116,117,118,119,120,121,122,123,124,125,126,127,128,129,130,131,132,133,134,135,136,137,138,139,140,141,142,143,144,145,146,147,148,149,150,151,152,153,154,155,156,157,158,159,160,161,162,163,164,165,166,167,168,169,170,171,172,173,174,175,176,177,178,179,180,181,182,183,184,185,186,187,188,189,190,191,192
11;75;17,18,19,20,21,22,23,24,25,26,27,28,29,30,31,32,33,34,35,36,37,38,39,40,41,50,51,52,53,54,55,56,57,58,59,73,74,75,76,77,78,89,90,91,92,93,94,95,96,97,98,99,100,101,102,143,144,145,146,147,148,149,150,151,152,153,171,172,173,174,175,176,177,178,179
12;193;0,1,2,3,4,5,6,7,8,9,10,11,12,13,14,15,16,17,18,19,20,21,22,23,24,25,26,27,28,29,30,31,32,33,34,35,36,37,38,39,40,41,42,43,44,45,46,47,48,49,50,51,52,53,54,55,56,57,58,59,60,61,62,63,64,65,66,67,68,69,70,71,72,73,74,75,76,77,78,79,80,81,82,83,84,85,86,87,88,89,90,91,92,93,94,95,96,97,98,99,100,101,102,103,104,105,106,107,108,109,110,111,112,113,114,115,116,117,118,119,120,121,122,123,124,125,126,127,128,129,130,131,132,133,134,135,136,137,138,139,140,141,142,143,144,145,146,147,148,149,150,151,152,153,154,155,156,157,158,159,160,161,162,163,164,165,166,167,168,169,170,171,172,173,174,175,176,177,178,179,180,181,182,183,184,185,186,187,188,189,190,191,192
13;39;10,11,12,13,14,15,16,79,80,81,82,83,84,85,86,87,88,117,118,119,120,121,122,123,124,125,126,127,154,155,156,157,158,159,160,161,162,163,164
14;62;50,51,52,53,54,55,56,57,58,59,60,61,62,63,64,65,66,67,68,69,70,71,72,79,80,81,82,83,84,85,86,87,88,103,104,105,106,107,108,109,110,111,112,113,114,115,116,165,166,167,168,169,170,171,172,173,174,175,176,177,178,179
15;59;10,11,12,13,14,15,16,50,51,52,53,54,55,56,57,58,59,73,74,75,76,77,78,89,90,91,92,93,94,95,96,97,98,99,100,101,102,103,104,105,106,107,108,109,110,111,112,113,114,115,116,180,181,182,183,184,185,186,187
16;85;17,18,19,20,21,22,23,24,25,26,27,28,29,30,31,32,33,34,35,36,37,38,39,40,41,42,43,44,45,46,47,48,49,50,51,52,53,54,55,56,57,58,59,60,61,62,63,64,65,66,67,68,69,70,71,72,79,80,81,82,83,84,85,86,87,88,117,118,119,120,121,122,123,124,125,126,127,128,129,130,131,132,133,134,135
17;172;0,1,2,3,4,5,6,7,8,9,10,11,12,13,14,15,16,17,18,19,20,21,22,23,24,25,26,27,28,29,30,31,32,33,34,35,36,37,38,39,40,41,42,43,44,45,46,47,48,49,50,51,52,53,54,55,56,57,58,59,73,74,75,76,77,78,79,80,81,82,83,84,85,86,87,88,89,90,91,92,93,94,95,96,97,98,99,100,101,102,103,104,105,106,107,108,109,110,111,112,113,114,115,116,117,118,119,120,121,122,123,124,125,126,127,136,137,138,139,140,141,142,143,144,145,146,147,148,149,150,151,152,153,154,155,156,157,158,159,160,161,162,163,164,165,166,167,168,169,170,171,172,173,174,175,176,177,178,179,180,181,182,183,184,185,186,187,188,189,190,191,192
18;164;0,1,2,3,4,5,6,7,8,9,10,11,12,13,14,15,16,17,18,19,20,21,22,23,24,25,26,27,28,29,30,31,32,33,34,35,36,37,38,39,40,41,42,43,44,45,46,47,48,49,60,61,62,63,64,65,66,67,68,69,70,71,72,73,74,75,76,77,78,79,80,81,82,83,84,85,86,87,88,103,104,105,106,107,108,109,110,111,112,113,114,115,116,117,118,119,120,121,122,123,124,125,126,127,128,129,130,131,132,133,134,135,136,137,138,139,140,141,142,143,144,145,146,147,148,149,150,151,152,153,154,155,156,157,158,159,160,161,162,163,164,165,166,167,168,169,170,171,172,173,174,175,176,177,178,179,180,181,182,183,184,185,186,187
19;80;10,11,12,13,14,15,16,31,32,33,34,35,36,37,38,39,40,41,50,51,52,53,54,55,56,57,58,59,79,80,81,82,83,84,85,86,87,88,103,104,105,106,107,108,109,110,111,112,113,114,115,116,117,118,119,120,121,122,123,124,125,126,127,171,172,173,174,175,176,177,178,179,180,181,182,183,184,185,186,187
20;153;0,1,2,3,4,5,6,7,8,9,17,18,19,20,21,22,23,24,25,26,27,28,29,30,31,32,33,34,35,36,37,38,39,40,41,50,51,52,53,54,55,56,57,58,59,60,61,62,63,64,65,66,67,68,69,70,71,72,79,80,81,82,83,84,85,86,87,88,89,90,91,92,93,94,95,96,97,98,99,100,101,102,103,104,105,106,107,108,109,110,111,112,113,114,115,116,117,118,119,120,121,122,123,124,125,126,127,136,137,138,139,140,141,142,143,144,145,146,147,148,149,150,151,152,153,165,166,167,168,169,170,171,172,173,174,175,176,177,178,179,180,181,182,183,184,185,186,187,188,189,190,191,192
21;150;0,1,2,3,4,5,6,7,8,9,10,11,12,13,14,15,16,17,18,19,20,21,22,23,24,25,26,27,28,29,30,31,32,33,34,35,36,37,38,39,40,41,50,51,52,53,54,55,56,57,58,59,60,61,62,63,64,65,66,67,68,69,70,71,72,73,74,75,76,77,78,79,80,81,82,83,84,85,86,87,88,89,90,91,92,93,94,95,96,97,98,99,100,101,102,103,104,105,106,107,108,109,110,111,112,113,114,115,116,128,129,130,131,132,133,134,135,143,144,145,146,147,148,149,150,151,152,153,171,172,173,174,175,176,177,178,179,180,181,182,183,184,185,186,187,188,189,190,191,192
22;11;143,144,145,146,147,148,149,150,151,152,153
23;102;10,11,12,13,14,15,16,31,32,33,34,35,36,37,38,39,40,41,50,51,52,53,54,55,56,57,58,59,60,61,62,63,64,65,66,67,68,69,70,71,72,79,80,81,82,83,84,85,86,87,88,128,129,130,131,132,133,134,135,136,137,138,139,140,141,142,143,144,145,146,147,148,149,150,151,152,153,154,155,156,157,158,159,160,161,162,163,164,171,172,173,174,175,176,177,178,179,188,189,190,191,192
24;183;0,1,2,3,4,5,6,7,8,9,10,11,12,13,14,15,16,17,18,19,20,21,22,23,24,25,26,27,28,29,30,31,32,33,34,35,36,37,38,39,40,41,42,43,44,45,46,47,48,49,50,51,52,53,54,55,56,57,58,59,60,61,62,63,64,65,66,67,68,69,70,71,72,73,74,75,76,77,78,89,90,91,92,93,94,95,96,97,98,99,100,101,102,103,104,105,106,107,108,109,110,111,112,113,114,115,116,117,118,119,120,121,122,123,124,125,126,127,128,129,130,131,132,133,134,135,136,137,138,139,140,141,142,143,144,145,146,147,148,149,150,151,152,153,154,155,156,157,158,159,160,161,162,163,164,165,166,167,168,169,170,171,172,173,174,175,176,177,178,179,180,181,182,183,184,185,186,187,188,189,190,191,192
25;174;0,1,2,3,4,5,6,7,8,9,10,11,12,13,14,15,16,17,18,19,20,21,22,23,24,25,26,27,28,29,30,31,32,33,34,35,36,37,38,39,40,41,42,43,44,45,46,47,48,49,50,51,52,53,54,55,56,57,58,59,73,74,75,76,77,78,79,80,81,82,83,84,85,86,87,88,89,90,91,92,93,94,95,96,97,98,99,100,101,102,103,104,105,106,107,108,109,110,111,112,113,114,115,116,117,118,119,120,121,122,123,124,125,126,127,128,129,130,131,132,133,134,135,136,137,138,139,140,141,142,143,144,145,146,147,148,149,150,151,152,153,154,155,156,157,158,159,160,161,162,163,164,171,172,173,174,175,176,177,178,179,180,181,182,183,184,185,186,187,188,189,190,191,192
26;161;0,1,2,3,4,5,6,7,8,9,10,11,12,13,14,15,16,17,18,19,20,21,22,23,24,25,26,27,28,29,30,42,43,44,45,46,47,48,49,50,51,52,53,54,55,56,57,58,59,60,61,62,63,64,65,66,67,68,69,70,71,72,73,74,75,76,77,78,89,90,91,92,93,94,95,96,97,98,99,100,101,102,103,104,105,106,107,108,109,110,111,112,113,114,115,116,128,129,130,131,132,133,134,135,136,137,138,139,140,141,142,143,144,145,146,147,148,149,150,151,152,153,154,155,156,157,158,159,160,161,162,163,164,165,166,167,168,169,170,171,172,173,174,175,176,177,178,179,180,181,182,183,184,185,186,187,188,189,190,191,192
27;153;0,1,2,3,4,5,6,7,8,9,10,11,12,13,14,15,16,17,18,19,20,21,22,23,24,25,26,27,28,29,30,31,32,33,34,35,36,37,38,39,40,41,42,43,44,45,46,47,48,49,50,51,52,53,54,55,56,57,58,59,73,74,75,76,77,78,79,80,81,82,83,84,85,86,87,88,103,104,105,106,107,108,109,110,111,112,113,114,115,116,117,118,119,120,121,122,123,124,125,126,127,136,137,138,139,140,141,142,143,144,145,146,147,148,149,150,151,152,153,154,155,156,157,158,159,160,161,162,163,164,165,166,167,168,169,170,171,172,173,174,175,176,177,178,179,180,181,182,183,184,185,186,187
28;105;31,32,33,34,35,36,37,38,39,40,41,60,61,62,63,64,65,66,67,68,69,70,71,72,89,90,91,92,93,94,95,96,97,98,99,100,101,102,103,104,105,106,107,108,109,110,111,112,113,114,115,116,117,118,119,120,121,122,123,124,125,126,127,136,137,138,139,140,141,142,143,144,145,146,147,148,149,150,151,152,153,154,155,156,157,158,159,160,161,162,163,164,180,181,182,183,184,185,186,187,188,189,190,191,192
29;110;0,1,2,3,4,5,6,7,8,9,31,32,33,34,35,36,37,38,39,40,41,42,43,44,45,46,47,48,49,50,51,52,53,54,55,56,57,58,59,73,74,75,76,77,78,79,80,81,82,83,84,85,86,87,88,103,104,105,106,107,108,109,110,111,112,113,114,115,116,136,137,138,139,140,141,142,143,144,145,146,147,148,149,150,151,152,153,165,166,167,168,169,170,171,172,173,174,175,176,177,178,179,180,181,182,183,184,185,186,187

[OMEGA]
0;55;1,2,4,5,6,7,8,10,14,15,17,18,19,20,23,24,25,26,29,31,32,34,36,37,38,39,40,42,46,48,49,52,53,54,55,57,58,59,61,65,69,70,71,72,75,77,78,79,81,86,87,88,92,93,95
1;45;0,2,6,9,10,11,13,14,16,17,18,19,20,24,27,31,32,33,38,40,42,44,45,47,48,50,56,58,59,60,62,65,69,72,74,76,78,79,80,82,88,91,93,95,96
2;67;0,2,3,6,9,10,11,12,13,14,16,17,18,19,20,21,22,24,27,28,30,31,32,33,35,38,40,41,42,43,44,45,47,48,50,51,56,58,59,60,62,63,64,65,66,67,68,69,72,73,74,76,78,79,80,82,83,84,85,88,89,90,91,93,94,95,96
3;77;1,2,3,4,5,6,7,8,10,12,14,15,17,18,19,20,21,22,23,24,25,26,28,29,30,31,32,34,35,36,37,38,39,40,41,42,43,46,48,49,51,52,53,54,55,57,58,59,61,63,64,65,66,67,68,69,70,71,72,73,75,77,78,79,81,83,84,85,86,87,88,89,90,92,93,94,95
4;45;0,2,6,9,10,11,13,14,16,17,18,19,20,24,27,31,32,33,38,40,42,44,45,47,48,50,56,58,59,60,62,65,69,72,74,76,78,79,80,82,88,91,93,95,96
5;77;1,2,3,4,5,6,7,8,10,12,14,15,17,18,19,20,21,22,23,24,25,26,28,29,30,31,32,34,35,36,37,38,39,40,41,42,43,46,48,49,51,52,53,54,55,57,58,59,61,63,64,65,66,67,68,69,70,71,72,73,75,77,78,79,81,83,84,85,86,87,88,89,90,92,93,94,95
6;67;0,2,3,6,9,10,11,12,13,14,16,17,18,19,20,21,22,24,27,28,30,31,32,33,35,38,40,41,42,43,44,45,47,48,50,51,56,58,59,60,62,63,64,65,66,67,68,69,72,73,74,76,78,79,80,82,83,84,85,88,89,90,91,93,94,95,96
7;77;1,2,3,4,5,6,7,8,10,12,14,15,17,18,19,20,21,22,23,24,25,26,28,29,30,31,32,34,35,36,37,38,39,40,41,42,43,46,48,49,51,52,53,54,55,57,58,59,61,63,64,65,66,67,68,69,70,71,72,73,75,77,78,79,81,83,84,85,86,87,88,89,90,92,93,94,95
8;97;0,1,2,3,4,5,6,7,8,9,10,11,12,13,14,15,16,17,18,19,20,21,22,23,24,25,26,27,28,29,30,31,32,33,34,35,36,37,38,39,40,41,42,43,44,45,46,47,48,49,50,51,52,53,54,55,56,57,58,59,60,61,62,63,64,65,66,67,68,69,70,71,72,73,74,75,76,77,78,79,80,81,82,83,84,85,86,87,88,89,90,91,92,93,94,95,96
9;77;1,2,3,4,5,6,7,8,10,12,14,15,17,18,19,20,21,22,23,24,25,26,28,29,30,31,32,34,35,36,37,38,39,40,41,42,43,46,48,49,51,52,53,54,55,57,58,59,61,63,64,65,66,67,68,69,70,71,72,73,75,77,78,79,81,83,84,85,86,87,88,89,90,92,93,94,95
10;77;1,2,3,4,5,6,7,8,10,12,14,15,17,18,19,20,21,22,23,24,25,26,28,29,30,31,32,34,35,36,37,38,39,40,41,42,43,46,48,49,51,52,53,54,55,57,58,59,61,63,64,65,66,67,68,69,70,71,72,73,75,77,78,79,81,83,84,85,86,87,88,89,90,92,93,94,95
11;77;1,2,3,4,5,6,7,8,10,12,14,15,17,18,19,20,21,22,23,24,25,26,28,29,30,31,32,34,35,36,37,38,39,40,41,42,43,46,48,49,51,52,53,54,55,57,58,59,61,63,64,65,66,67,68,69,70,71,72,73,75,77,78,79,81,83,84,85,86,87,88,89,90,92,93,94,95
12;97;0,1,2,3,4,5,6,7,8,9,10,11,12,13,14,15,16,17,18,19,20,21,22,23,24,25,26,27,28,29,30,31,32,33,34,35,36,37,38,39,40,41,42,43,44,45,46,47,48,49,50,51,52,53,54,55,56,57,58,59,60,61,62,63,64,65,66,67,68,69,70,71,72,73,74,75,76,77,78,79,80,81,82,83,84,85,86,87,88,89,90,91,92,93,94,95,96
13;77;1,2,3,4,5,6,7,8,10,12,14,15,17,18,19,20,21,22,23,24,25,26,28,29,30,31,32,34,35,36,37,38,39,40,41,42,43,46,48,49,51,52,53,54,55,57,58,59,61,63,64,65,66,67,68,69,70,71,72,73,75,77,78,79,81,83,84,85,86,87,88,89,90,92,93,94,95
14;97;0,1,2,3,4,5,6,7,8,9,10,11,12,13,14,15,16,17,18,19,20,21,22,23,24,25,26,27,28,29,30,31,32,33,34,35,36,37,38,39,40,41,42,43,44,45,46,47,48,49,50,51,52,53,54,55,56,57,58,59,60,61,62,63,64,65,66,67,68,69,70,71,72,73,74,75,76,77,78,79,80,81,82,83,84,85,86,87,88,89,90,91,92,93,94,95,96
15;97;0,1,2,3,4,5,6,7,8,9,10,11,12,13,14,15,16,17,18,19,20,21,22,23,24,25,26,27,28,29,30,31,32,33,34,35,36,37,38,39,40,41,42,43,44,45,46,47,48,49,50,51,52,53,54,55,56,57,58,59,60,61,62,63,64,65,66,67,68,69,70,71,72,73,74,75,76,77,78,79,80,81,82,83,84,85,86,87,88,89,90,91,92,93,94,95,96
16;77;1,2,3,4,5,6,7,8,10,12,14,15,17,18,19,20,21,22,23,24,25,26,28,29,30,31,32,34,35,36,37,38,39,40,41,42,43,46,48,49,51,52,53,54,55,57,58,59,61,63,64,65,66,67,68,69,70,71,72,73,75,77,78,79,81,83,84,85,86,87,88,89,90,92,93,94,95
17;77;1,2,3,4,5,6,7,8,10,12,14,15,17,18,19,20,21,22,23,24,25,26,28,29,30,31,32,34,35,36,37,38,39,40,41,42,43,46,48,49,51,52,53,54,55,57,58,59,61,63,64,65,66,67,68,69,70,71,72,73,75,77,78,79,81,83,84,85,86,87,88,89,90,92,93,94,95
18;97;0,1,2,3,4,5,6,7,8,9,10,11,12,13,14,15,16,17,18,19,20,21,22,23,24,25,26,27,28,29,30,31,32,33,34,35,36,37,38,39,40,41,42,43,44,45,46,47,48,49,50,51,52,53,54,55,56,57,58,59,60,61,62,63,64,65,66,67,68,69,70,71,72,73,74,75,76,77,78,79,80,81,82,83,84,85,86,87,88,89,90,91,92,93,94,95,96
19;77;1,2,3,4,5,6,7,8,10,12,14,15,17,18,19,20,21,22,23,24,25,26,28,29,30,31,32,34,35,36,37,38,39,40,41,42,43,46,48,49,51,52,53,54,55,57,58,59,61,63,64,65,66,67,68,69,70,71,72,73,75,77,78,79,81,83,84,85,86,87,88,89,90,92,93,94,95
20;97;0,1,2,3,4,5,6,7,8,9,10,11,12,13,14,15,16,17,18,19,20,21,22,23,24,25,26,27,28,29,30,31,32,33,34,35,36,37,38,39,40,41,42,43,44,45,46,47,48,49,50,51,52,53,54,55,56,57,58,59,60,61,62,63,64,65,66,67,68,69,70,71,72,73,74,75,76,77,78,79,80,81,82,83,84,85,86,87,88,89,90,91,92,93,94,95,96
21;97;0,1,2,3,4,5,6,7,8,9,10,11,12,13,14,15,16,17,18,19,20,21,22,23,24,25,26,27,28,29,30,31,32,33,34,35,36,37,38,39,40,41,42,43,44,45,46,47,48,49,50,51,52,53,54,55,56,57,58,59,60,61,62,63,64,65,66,67,68,69,70,71,72,73,74,75,76,77,78,79,80,81,82,83,84,85,86,87,88,89,90,91,92,93,94,95,96
22;77;1,2,3,4,5,6,7,8,10,12,14,15,17,18,19,20,21,22,23,24,25,26,28,29,30,31,32,34,35,36,37,38,39,40,41,42,43,46,48,49,51,52,53,54,55,57,58,59,61,63,64,65,66,67,68,69,70,71,72,73,75,77,78,79,81,83,84,85,86,87,88,89,90,92,93,94,95
23;77;1,2,3,4,5,6,7,8,10,12,14,15,17,18,19,20,21,22,23,24,25,26,28,29,30,31,32,34,35,36,37,38,39,40,41,42,43,46,48,49,51,52,53,54,55,57,58,59,61,63,64,65,66,67,68,69,70,71,72,73,75,77,78,79,81,83,84,85,86,87,88,89,90,92,93,94,95
24;45;0,2,6,9,10,11,13,14,16,17,18,19,20,24,27,31,32,33,38,40,42,44,45,47,48,50,56,58,59,60,62,65,69,72,74,76,78,79,80,82,88,91,93,95,96
25;67;0,2,3,6,9,10,11,12,13,14,16,17,18,19,20,21,22,24,27,28,30,31,32,33,35,38,40,41,42,43,44,45,47,48,50,51,56,58,59,60,62,63,64,65,66,67,68,69,72,73,74,76,78,79,80,82,83,84,85,88,89,90,91,93,94,95,96
26;77;1,2,3,4,5,6,7,8,10,12,14,15,17,18,19,20,21,22,23,24,25,26,28,29,30,31,32,34,35,36,37,38,39,40,41,42,43,46,48,49,51,52,53,54,55,57,58,59,61,63,64,65,66,67,68,69,70,71,72,73,75,77,78,79,81,83,84,85,86,87,88,89,90,92,93,94,95
27;97;0,1,2,3,4,5,6,7,8,9,10,11,12,13,14,15,16,17,18,19,20,21,22,23,24,25,26,27,28,29,30,31,32,33,34,35,36,37,38,39,40,41,42,43,44,45,46,47,48,49,50,51,52,53,54,55,56,57,58,59,60,61,62,63,64,65,66,67,68,69,70,71,72,73,74,75,76,77,78,79,80,81,82,83,84,85,86,87,88,89,90,91,92,93,94,95,96
28;55;1,2,4,5,6,7,8,10,14,15,17,18,19,20,23,24,25,26,29,31,32,34,36,37,38,39,40,42,46,48,49,52,53,54,55,57,58,59,61,65,69,70,71,72,75,77,78,79,81,86,87,88,92,93,95
29;77;1,2,3,4,5,6,7,8,10,12,14,15,17,18,19,20,21,22,23,24,25,26,28,29,30,31,32,34,35,36,37,38,39,40,41,42,43,46,48,49,51,52,53,54,55,57,58,59,61,63,64,65,66,67,68,69,70,71,72,73,75,77,78,79,81,83,84,85,86,87,88,89,90,92,93,94,95
