[METADATA]
NUM_REGIOES=20
NUM_CLIENTES=193
NUM_VEICULOS=20
NUM_OFERTAS=97
NUM_ITENS=97

[TIPOS_ITENS]
0;chapa
1;tira
2;perfil
3;tubo

[REGIOES]
0
1
2
3
4
5
6
7
8
9
10
11
12
13
14
15
16
17
18
19

[CLIENTES]
0;3,58
1;55,96
2;45
3;33
4;10
5;73
6;10,20
7;42
8;78
9;4,75
10;43
11;51
12;15,19,63
13;46,55
14;51,87
15;42
16;25,28,79
17;53
18;66
19;31,35,37
20;85
21;41,44
22;96
23;0
24;20
25;47,49,56
26;0,4
27;7
28;3
29;46,57
30;30,40
31;7
32;34
33;51
34;45,69,80
35;32
36;83
37;73
38;58
39;30
40;89
41;3,9,39
42;11
43;93
44;78
45;29
46;58
47;87,95
48;59
49;89
50;5,75,96
51;40,81
52;24
53;81
54;10
55;4
56;39
57;3
58;93
59;78,81
60;62
61;24
62;50
63;51,59
64;29,50
65;48,96
66;44,88
67;61,76
68;3
69;88
70;39,44,84
71;30
72;46
73;3
74;3,83
75;34
76;74,90
77;0,27,30
78;4,71
79;52
80;9,94
81;87,96
82;5
83;87
84;50,89
85;57
86;67
87;54,84
88;74
89;51,84
90;17,26
91;17
92;24,34
93;7,90
94;20,72
95;45,87,93
96;86
97;0
98;24,81
99;89
100;0,55
101;29,76
102;21
103;7
104;34,55
105;10
106;39
107;0
108;11,81
109;30
110;2,42
111;82
112;39
113;20
114;76,77
115;18
116;76
117;17,93
118;76
119;45,72
120;4,6
121;83,96
122;43,64,67
123;39,58
124;5,81
125;39
126;81
127;0,27
128;17
129;45
130;93
131;7,51,84
132;32,81,82
133;77
134;12,24
135;84,94
136;3
137;73
138;84,89,94
139;42,76
140;33
141;33,73
142;22,75
143;84
144;72
145;45,55
146;17,53
147;22
148;7,16,43
149;2,51,78
150;32
151;89
152;20,94
153;44
154;0
155;24,59
156;24,55
157;17
158;34,65
159;42,58
160;16,95
161;45
162;39,68,94
163;65,73
164;76,93
165;89
166;73,76
167;16
168;7
169;57
170;2
171;46
172;23
173;36,77
174;6,92
175;52
176;87
177;7,81
178;38
179;33
180;95
181;22
182;70
183;3,81
184;1,8,13,14
185;58,59,60
186;32,91
187;93
188;61,77
189;46,59
190;55,66
191;59
192;77

[VEICULOS]
0;23000;40;2800;11500.0
1;74000;100;3550;37000.0
2;33000;70;1650;16500.0
3;41000;75;3950;20500.0
4;74000;100;3550;37000.0
5;33000;50;1350;16500.0
6;33000;70;3300;16500.0
7;41000;75;4700;20500.0
8;57000;90;4500;28500.0
9;33000;50;1500;16500.0
10;33000;50;4200;16500.0
11;33000;50;2250;16500.0
12;57000;90;4500;28500.0
13;41000;75;2300;20500.0
14;74000;110;2900;37000.0
15;45000;85;2500;22500.0
16;33000;50;2400;16500.0
17;33000;50;3900;16500.0
18;74000;110;4550;37000.0
19;33000;50;2400;16500.0

[OFERTAS]
0;3;2669;4.0;3.1
1;2;3332;3.0;6.65
2;1;4244;5.0;8.59
3;0;2908;7.0;3.12
4;2;2512;2.0;2.73
5;3;2179;7.0;4.64
6;1;2365;5.0;3.66
7;3;3517;7.0;6.54
8;3;2751;7.0;3.85
9;1;3279;5.0;5.18
10;2;2990;4.0;4.5
11;0;3398;7.0;6.61
12;0;3062;8.0;7.05
13;0;3545;5.0;5.49
14;0;2457;7.0;4.05
15;3;2672;8.0;3.3
16;3;1883;7.0;3.74
17;3;2172;8.0;4.07
18;1;3064;4.0;6.37
19;1;2694;6.0;4.52
20;1;2492;6.0;3.95
21;1;2366;4.0;4.65
22;2;2146;4.0;3.44
23;1;3303;4.0;7.07
24;0;3024;7.0;6.69
25;3;2662;6.0;4.08
26;0;3536;10.0;5.53
27;1;4250;3.0;9.47
28;3;4019;7.0;9.92
29;3;3033;4.0;6.55
30;0;1742;10.0;3.49
31;3;2481;4.0;2.7
32;0;3492;6.0;7.2
33;0;2916;9.0;4.97
34;3;2635;7.0;3.44
35;3;4052;4.0;9.77
36;0;2348;9.0;3.93
37;1;1705;5.0;2.79
38;2;1977;4.0;3.5
39;2;3283;3.0;7.17
40;3;1422;8.0;2.61
41;1;3169;5.0;5.18
42;1;2258;5.0;4.99
43;0;2073;5.0;4.75
44;1;2137;3.0;3.34
45;1;2585;4.0;3.66
46;3;2191;6.0;3.15
47;0;1813;6.0;3.84
48;1;1689;3.0;2.83
49;3;3225;7.0;7.37
50;0;2849;7.0;2.91
51;3;3476;8.0;7.03
52;2;3710;5.0;5.98
53;2;2275;4.0;4.6
54;0;2903;9.0;3.84
55;0;2410;9.0;3.89
56;2;2299;3.0;3.1
57;2;3699;4.0;7.39
58;3;2985;5.0;2.62
59;0;3096;8.0;6.68
60;3;2387;8.0;4.54
61;3;3374;6.0;7.19
62;1;923;5.0;2.07
63;0;2291;5.0;3.03
64;1;2787;5.0;4.09
65;0;2918;7.0;4.76
66;3;3356;6.0;5.74
67;2;2677;3.0;4.87
68;1;3072;3.0;5.17
69;3;3160;5.0;6.23
70;0;1476;7.0;3.84
71;1;3390;3.0;5.38
72;1;3142;6.0;6.03
73;0;2111;6.0;4.17
74;3;3181;5.0;5.86
75;3;2379;4.0;2.72
76;2;3300;3.0;5.32
77;0;2549;9.0;2.6
78;2;2835;3.0;2.89
79;2;4131;5.0;8.19
80;2;2874;5.0;3.84
81;3;2774;5.0;4.05
82;1;2572;3.0;2.87
83;0;2839;8.0;4.74
84;0;1931;9.0;2.76
85;1;1588;4.0;2.55
86;0;2802;7.0;3.08
87;2;2137;5.0;4.2
88;2;4551;4.0;9.34
89;1;2313;3.0;3.58
90;2;3248;3.0;6.52
91;0;2547;8.0;4.97
92;2;2605;2.0;4.63
93;3;1155;8.0;2.93
94;0;2871;5.0;4.79
95;3;3385;4.0;5.64
96;0;3146;7.0;6.34

[ITENS]
0;0;3;2669;4.0;3.1
1;1;2;3332;3.0;6.65
2;2;1;4244;5.0;8.59
3;3;0;2908;7.0;3.12
4;4;2;2512;2.0;2.73
5;5;3;2179;7.0;4.64
6;6;1;2365;5.0;3.66
7;7;3;3517;7.0;6.54
8;8;3;2751;7.0;3.85
9;9;1;3279;5.0;5.18
10;10;2;2990;4.0;4.5
11;11;0;3398;7.0;6.61
12;12;0;3062;8.0;7.05
13;13;0;3545;5.0;5.49
14;14;0;2457;7.0;4.05
15;15;3;2672;8.0;3.3
16;16;3;1883;7.0;3.74
17;17;3;2172;8.0;4.07
18;18;1;3064;4.0;6.37
19;19;1;2694;6.0;4.52
20;20;1;2492;6.0;3.95
21;21;1;2366;4.0;4.65
22;22;2;2146;4.0;3.44
23;23;1;3303;4.0;7.07
24;24;0;3024;7.0;6.69
25;25;3;2662;6.0;4.08
26;26;0;3536;10.0;5.53
27;27;1;4250;3.0;9.47
28;28;3;4019;7.0;9.92
29;29;3;3033;4.0;6.55
30;30;0;1742;10.0;3.49
31;31;3;2481;4.0;2.7
32;32;0;3492;6.0;7.2
33;33;0;2916;9.0;4.97
34;34;3;2635;7.0;3.44
35;35;3;4052;4.0;9.77
36;36;0;2348;9.0;3.93
37;37;1;1705;5.0;2.79
38;38;2;1977;4.0;3.5
39;39;2;3283;3.0;7.17
40;40;3;1422;8.0;2.61
41;41;1;3169;5.0;5.18
42;42;1;2258;5.0;4.99
43;43;0;2073;5.0;4.75
44;44;1;2137;3.0;3.34
45;45;1;2585;4.0;3.66
46;46;3;2191;6.0;3.15
47;47;0;1813;6.0;3.84
48;48;1;1689;3.0;2.83
49;49;3;3225;7.0;7.37
50;50;0;2849;7.0;2.91
51;51;3;3476;8.0;7.03
52;52;2;3710;5.0;5.98
53;53;2;2275;4.0;4.6
54;54;0;2903;9.0;3.84
55;55;0;2410;9.0;3.89
56;56;2;2299;3.0;3.1
57;57;2;3699;4.0;7.39
58;58;3;2985;5.0;2.62
59;59;0;3096;8.0;6.68
60;60;3;2387;8.0;4.54
61;61;3;3374;6.0;7.19
62;62;1;923;5.0;2.07
63;63;0;2291;5.0;3.03
64;64;1;2787;5.0;4.09
65;65;0;2918;7.0;4.76
66;66;3;3356;6.0;5.74
67;67;2;2677;3.0;4.87
68;68;1;3072;3.0;5.17
69;69;3;3160;5.0;6.23
70;70;0;1476;7.0;3.84
71;71;1;3390;3.0;5.38
72;72;1;3142;6.0;6.03
73;73;0;2111;6.0;4.17
74;74;3;3181;5.0;5.86
75;75;3;2379;4.0;2.72
76;76;2;3300;3.0;5.32
77;77;0;2549;9.0;2.6
78;78;2;2835;3.0;2.89
79;79;2;4131;5.0;8.19
80;80;2;2874;5.0;3.84
81;81;3;2774;5.0;4.05
82;82;1;2572;3.0;2.87
83;83;0;2839;8.0;4.74
84;84;0;1931;9.0;2.76
85;85;1;1588;4.0;2.55
86;86;0;2802;7.0;3.08
87;87;2;2137;5.0;4.2
88;88;2;4551;4.0;9.34
89;89;1;2313;3.0;3.58
90;90;2;3248;3.0;6.52
91;91;0;2547;8.0;4.97
92;92;2;2605;2.0;4.63
93;93;3;1155;8.0;2.93
94;94;0;2871;5.0;4.79
95;95;3;3385;4.0;5.64
96;96;0;3146;7.0;6.34

[PHI]
0;8;23,26,77,97,100,107,127,154
1;1;184
2;3;110,149,170
3;9;0,28,41,57,68,73,74,136,183
4;5;9,26,55,78,120
5;3;50,82,124
6;2;120,174
7;8;27,31,93,103,131,148,168,177
8;1;184
9;2;41,80
10;4;4,6,54,105
11;2;42,108
12;1;134
13;1;184
14;1;184
15;1;12
16;3;148,160,167
17;6;90,91,117,128,146,157
18;1;115
19;1;12
20;5;6,24,94,113,152
21;1;102
22;3;142,147,181
23;1;172
24;7;52,61,92,98,134,155,156
25;1;16
26;1;90
27;2;77,127
28;1;16
29;3;45,64,101
30;5;30,39,71,77,109
31;1;19
32;4;35,132,150,186
33;4;3,140,141,179
34;5;32,75,92,104,158
35;1;19
36;1;173
37;1;19
38;1;178
39;8;41,56,70,106,112,123,125,162
40;2;30,51
41;1;21
42;5;7,15,110,139,159
43;3;10,122,148
44;4;21,66,70,153
45;7;2,34,95,119,129,145,161
46;5;13,29,72,171,189
47;1;25
48;1;65
49;1;25
50;3;62,64,84
51;7;11,14,33,63,89,131,149
52;2;79,175
53;2;17,146
54;1;87
55;7;1,13,100,104,145,156,190
56;1;25
57;3;29,85,169
58;6;0,38,46,123,159,185
59;6;48,63,155,185,189,191
60;1;185
61;2;67,188
62;1;60
63;1;12
64;1;122
65;2;158,163
66;2;18,190
67;2;86,122
68;1;162
69;1;34
70;1;182
71;1;78
72;3;94,119,144
73;6;5,37,137,141,163,166
74;2;76,88
75;3;9,50,142
76;8;67,101,114,116,118,139,164,166
77;5;114,133,173,188,192
78;4;8,44,59,149
79;1;16
80;1;34
81;10;51,53,59,98,108,124,126,132,177,183
82;2;111,132
83;3;36,74,121
84;7;70,87,89,131,135,138,143
85;1;20
86;1;96
87;6;14,47,81,83,95,176
88;2;66,69
89;7;40,49,84,99,138,151,165
90;2;76,93
91;1;186
92;1;174
93;7;43,58,95,117,130,164,187
94;5;80,135,138,152,162
95;3;47,160,180
96;6;1,22,50,65,81,121

[PSI]
0;16;0,3,5,7,8,9,10,11,12,13,14,15,16,17,18,19
1;20;0,1,2,3,4,5,6,7,8,9,10,11,12,13,14,15,16,17,18,19
2;17;2,3,5,6,7,8,9,10,11,12,13,14,15,16,17,18,19
3;9;1,2,4,6,8,12,14,15,18
4;20;0,1,2,3,4,5,6,7,8,9,10,11,12,13,14,15,16,17,18,19
5;16;0,3,5,7,8,9,10,11,12,13,14,15,16,17,18,19
6;17;2,3,5,6,7,8,9,10,11,12,13,14,15,16,17,18,19
7;16;0,3,5,7,8,9,10,11,12,13,14,15,16,17,18,19
8;16;0,3,5,7,8,9,10,11,12,13,14,15,16,17,18,19
9;17;2,3,5,6,7,8,9,10,11,12,13,14,15,16,17,18,19
10;20;0,1,2,3,4,5,6,7,8,9,10,11,12,13,14,15,16,17,18,19
11;9;1,2,4,6,8,12,14,15,18
12;9;1,2,4,6,8,12,14,15,18
13;9;1,2,4,6,8,12,14,15,18
14;9;1,2,4,6,8,12,14,15,18
15;16;0,3,5,7,8,9,10,11,12,13,14,15,16,17,18,19
16;16;0,3,5,7,8,9,10,11,12,13,14,15,16,17,18,19
17;16;0,3,5,7,8,9,10,11,12,13,14,15,16,17,18,19
18;17;2,3,5,6,7,8,9,10,11,12,13,14,15,16,17,18,19
19;17;2,3,5,6,7,8,9,10,11,12,13,14,15,16,17,18,19
20;17;2,3,5,6,7,8,9,10,11,12,13,14,15,16,17,18,19
21;17;2,3,5,6,7,8,9,10,11,12,13,14,15,16,17,18,19
22;20;0,1,2,3,4,5,6,7,8,9,10,11,12,13,14,15,16,17,18,19
23;17;2,3,5,6,7,8,9,10,11,12,13,14,15,16,17,18,19
24;9;1,2,4,6,8,12,14,15,18
25;16;0,3,5,7,8,9,10,11,12,13,14,15,16,17,18,19
26;9;1,2,4,6,8,12,14,15,18
27;17;2,3,5,6,7,8,9,10,11,12,13,14,15,16,17,18,19
28;16;0,3,5,7,8,9,10,11,12,13,14,15,16,17,18,19
29;16;0,3,5,7,8,9,10,11,12,13,14,15,16,17,18,19
30;9;1,2,4,6,8,12,14,15,18
31;16;0,3,5,7,8,9,10,11,12,13,14,15,16,17,18,19
32;9;1,2,4,6,8,12,14,15,18
33;9;1,2,4,6,8,12,14,15,18
34;16;0,3,5,7,8,9,10,11,12,13,14,15,16,17,18,19
35;16;0,3,5,7,8,9,10,11,12,13,14,15,16,17,18,19
36;9;1,2,4,6,8,12,14,15,18
37;17;2,3,5,6,7,8,9,10,11,12,13,14,15,16,17,18,19
38;20;0,1,2,3,4,5,6,7,8,9,10,11,12,13,14,15,16,17,18,19
39;20;0,1,2,3,4,5,6,7,8,9,10,11,12,13,14,15,16,17,18,19
40;16;0,3,5,7,8,9,10,11,12,13,14,15,16,17,18,19
41;17;2,3,5,6,7,8,9,10,11,12,13,14,15,16,17,18,19
42;17;2,3,5,6,7,8,9,10,11,12,13,14,15,16,17,18,19
43;9;1,2,4,6,8,12,14,15,18
44;17;2,3,5,6,7,8,9,10,11,12,13,14,15,16,17,18,19
45;17;2,3,5,6,7,8,9,10,11,12,13,14,15,16,17,18,19
46;16;0,3,5,7,8,9,10,11,12,13,14,15,16,17,18,19
47;9;1,2,4,6,8,12,14,15,18
48;17;2,3,5,6,7,8,9,10,11,12,13,14,15,16,17,18,19
49;16;0,3,5,7,8,9,10,11,12,13,14,15,16,17,18,19
50;9;1,2,4,6,8,12,14,15,18
51;16;0,3,5,7,8,9,10,11,12,13,14,15,16,17,18,19
52;20;0,1,2,3,4,5,6,7,8,9,10,11,12,13,14,15,16,17,18,19
53;20;0,1,2,3,4,5,6,7,8,9,10,11,12,13,14,15,16,17,18,19
54;9;1,2,4,6,8,12,14,15,18
55;9;1,2,4,6,8,12,14,15,18
56;20;0,1,2,3,4,5,6,7,8,9,10,11,12,13,14,15,16,17,18,19
57;20;0,1,2,3,4,5,6,7,8,9,10,11,12,13,14,15,16,17,18,19
58;16;0,3,5,7,8,9,10,11,12,13,14,15,16,17,18,19
59;9;1,2,4,6,8,12,14,15,18
60;16;0,3,5,7,8,9,10,11,12,13,14,15,16,17,18,19
61;16;0,3,5,7,8,9,10,11,12,13,14,15,16,17,18,19
62;17;2,3,5,6,7,8,9,10,11,12,13,14,15,16,17,18,19
63;9;1,2,4,6,8,12,14,15,18
64;17;2,3,5,6,7,8,9,10,11,12,13,14,15,16,17,18,19
65;9;1,2,4,6,8,12,14,15,18
66;16;0,3,5,7,8,9,10,11,12,13,14,15,16,17,18,19
67;20;0,1,2,3,4,5,6,7,8,9,10,11,12,13,14,15,16,17,18,19
68;17;2,3,5,6,7,8,9,10,11,12,13,14,15,16,17,18,19
69;16;0,3,5,7,8,9,10,11,12,13,14,15,16,17,18,19
70;9;1,2,4,6,8,12,14,15,18
71;17;2,3,5,6,7,8,9,10,11,12,13,14,15,16,17,18,19
72;17;2,3,5,6,7,8,9,10,11,12,13,14,15,16,17,18,19
73;9;1,2,4,6,8,12,14,15,18
74;16;0,3,5,7,8,9,10,11,12,13,14,15,16,17,18,19
75;16;0,3,5,7,8,9,10,11,12,13,14,15,16,17,18,19
76;20;0,1,2,3,4,5,6,7,8,9,10,11,12,13,14,15,16,17,18,19
77;9;1,2,4,6,8,12,14,15,18
78;20;0,1,2,3,4,5,6,7,8,9,10,11,12,13,14,15,16,17,18,19
79;20;0,1,2,3,4,5,6,7,8,9,10,11,12,13,14,15,16,17,18,19
80;20;0,1,2,3,4,5,6,7,8,9,10,11,12,13,14,15,16,17,18,19
81;16;0,3,5,7,8,9,10,11,12,13,14,15,16,17,18,19
82;17;2,3,5,6,7,8,9,10,11,12,13,14,15,16,17,18,19
83;9;1,2,4,6,8,12,14,15,18
84;9;1,2,4,6,8,12,14,15,18
85;17;2,3,5,6,7,8,9,10,11,12,13,14,15,16,17,18,19
86;9;1,2,4,6,8,12,14,15,18
87;20;0,1,2,3,4,5,6,7,8,9,10,11,12,13,14,15,16,17,18,19
88;20;0,1,2,3,4,5,6,7,8,9,10,11,12,13,14,15,16,17,18,19
89;17;2,3,5,6,7,8,9,10,11,12,13,14,15,16,17,18,19
90;20;0,1,2,3,4,5,6,7,8,9,10,11,12,13,14,15,16,17,18,19
91;9;1,2,4,6,8,12,14,15,18
92;20;0,1,2,3,4,5,6,7,8,9,10,11,12,13,14,15,16,17,18,19
93;16;0,3,5,7,8,9,10,11,12,13,14,15,16,17,18,19
94;9;1,2,4,6,8,12,14,15,18
95;16;0,3,5,7,8,9,10,11,12,13,14,15,16,17,18,19
96;9;1,2,4,6,8,12,14,15,18

[GAMMA]
0;122;17,18,19,20,21,22,23,24,25,26,27,28,29,30,31,32,33,34,35,36,37,38,39,40,41,42,43,44,45,46,47,48,49,60,61,62,63,64,65,66,67,68,69,70,71,72,73,74,75,76,77,78,79,80,81,82,83,84,85,86,87,88,103,104,105,106,107,108,109,110,111,112,113,114,115,116,136,137,138,139,140,141,142,143,144,145,146,147,148,149,150,151,152,153,154,155,156,157,158,159,160,161,162,163,164,171,172,173,174,175,176,177,178,179,180,181,182,183,184,185,186,187
1;84;0,1,2,3,4,5,6,7,8,9,17,18,19,20,21,22,23,24,25,26,27,28,29,30,50,51,52,53,54,55,56,57,58,59,73,74,75,76,77,78,103,104,105,106,107,108,109,110,111,112,113,114,115,116,117,118,119,120,121,122,123,124,125,126,127,128,129,130,131,132,133,134,135,165,166,167,168,169,170,188,189,190,191,192
2;24;0,1,2,3,4,5,6,7,8,9,17,18,19,20,21,22,23,24,25,26,27,28,29,30
3;146;10,11,12,13,14,15,16,17,18,19,20,21,22,23,24,25,26,27,28,29,30,31,32,33,34,35,36,37,38,39,40,41,42,43,44,45,46,47,48,49,50,51,52,53,54,55,56,57,58,59,89,90,91,92,93,94,95,96,97,98,99,100,101,102,103,104,105,106,107,108,109,110,111,112,113,114,115,116,117,118,119,120,121,122,123,124,125,126,127,136,137,138,139,140,141,142,143,144,145,146,147,148,149,150,151,152,153,154,155,156,157,158,159,160,161,162,163,164,165,166,167,168,169,170,171,172,173,174,175,176,177,178,179,180,181,182,183,184,185,186,187,188,189,190,191,192
4;93;31,32,33,34,35,36,37,38,39,40,41,50,51,52,53,54,55,56,57,58,59,89,90,91,92,93,94,95,96,97,98,99,100,101,102,103,104,105,106,107,108,109,110,111,112,113,114,115,116,128,129,130,131,132,133,134,135,143,144,145,146,147,148,149,150,151,152,153,154,155,156,157,158,159,160,161,162,163,164,165,166,167,168,169,170,180,181,182,183,184,185,186,187
5;7;10,11,12,13,14,15,16
6;126;0,1,2,3,4,5,6,7,8,9,17,18,19,20,21,22,23,24,25,26,27,28,29,30,31,32,33,34,35,36,37,38,39,40,41,42,43,44,45,46,47,48,49,50,51,52,53,54,55,56,57,58,59,73,74,75,76,77,78,103,104,105,106,107,108,109,110,111,112,113,114,115,116,117,118,119,120,121,122,123,124,125,126,127,143,144,145,146,147,148,149,150,151,152,153,154,155,156,157,158,159,160,161,162,163,164,165,166,167,168,169,170,171,172,173,174,175,176,177,178,179,188,189,190,191,192
7;193;0,1,2,3,4,5,6,7,8,9,10,11,12,13,14,15,16,17,18,19,20,21,22,23,24,25,26,27,28,29,30,31,32,33,34,35,36,37,38,39,40,41,42,43,44,45,46,47,48,49,50,51,52,53,54,55,56,57,58,59,60,61,62,63,64,65,66,67,68,69,70,71,72,73,74,75,76,77,78,79,80,81,82,83,84,85,86,87,88,89,90,91,92,93,94,95,96,97,98,99,100,101,102,103,104,105,106,107,108,109,110,111,112,113,114,115,116,117,118,119,120,121,122,123,124,125,126,127,128,129,130,131,132,133,134,135,136,137,138,139,140,141,142,143,144,145,146,147,148,149,150,151,152,153,154,155,156,157,158,159,160,161,162,163,164,165,166,167,168,169,170,171,172,173,174,175,176,177,178,179,180,181,182,183,184,185,186,187,188,189,190,191,192
8;193;0,1,2,3,4,5,6,7,8,9,10,11,12,13,14,15,16,17,18,19,20,21,22,23,24,25,26,27,28,29,30,31,32,33,34,35,36,37,38,39,40,41,42,43,44,45,46,47,48,49,50,51,52,53,54,55,56,57,58,59,60,61,62,63,64,65,66,67,68,69,70,71,72,73,74,75,76,77,78,79,80,81,82,83,84,85,86,87,88,89,90,91,92,93,94,95,96,97,98,99,100,101,102,103,104,105,106,107,108,109,110,111,112,113,114,115,116,117,118,119,120,121,122,123,124,125,126,127,128,129,130,131,132,133,134,135,136,137,138,139,140,141,142,143,144,145,146,147,148,149,150,151,152,153,154,155,156,157,158,159,160,161,162,163,164,165,166,167,168,169,170,171,172,173,174,175,176,177,178,179,180,181,182,183,184,185,186,187,188,189,190,191,192
9;24;79,80,81,82,83,84,85,86,87,88,89,90,91,92,93,94,95,96,97,98,99,100,101,102
10;193;0,1,2,3,4,5,6,7,8,9,10,11,12,13,14,15,16,17,18,19,20,21,22,23,24,25,26,27,28,29,30,31,32,33,34,35,36,37,38,39,40,41,42,43,44,45,46,47,48,49,50,51,52,53,54,55,56,57,58,59,60,61,62,63,64,65,66,67,68,69,70,71,72,73,74,75,76,77,78,79,80,81,82,83,84,85,86,87,88,89,90,91,92,93,94,95,96,97,98,99,100,101,102,103,104,105,106,107,108,109,110,111,112,113,114,115,116,117,118,119,120,121,122,123,124,125,126,127,128,129,130,131,132,133,134,135,136,137,138,139,140,141,142,143,144,145,146,147,148,149,150,151,152,153,154,155,156,157,158,159,160,161,162,163,164,165,166,167,168,169,170,171,172,173,174,175,176,177,178,179,180,181,182,183,184,185,186,187,188,189,190,191,192
11;75;17,18,19,20,21,22,23,24,25,26,27,28,29,30,31,32,33,34,35,36,37,38,39,40,41,50,51,52,53,54,55,56,57,58,59,73,74,75,76,77,78,89,90,91,92,93,94,95,96,97,98,99,100,101,102,143,144,145,146,147,148,149,150,151,152,153,171,172,173,174,175,176,177,178,179
12;193;0,1,2,3,4,5,6,7,8,9,10,11,12,13,14,15,16,17,18,19,20,21,22,23,24,25,26,27,28,29,30,31,32,33,34,35,36,37,38,39,40,41,42,43,44,45,46,47,48,49,50,51,52,53,54,55,56,57,58,59,60,61,62,63,64,65,66,67,68,69,70,71,72,73,74,75,76,77,78,79,80,81,82,83,84,85,86,87,88,89,90,91,92,93,94,95,96,97,98,99,100,101,102,103,104,105,106,107,108,109,110,111,112,113,114,115,116,117,118,119,120,121,122,123,124,125,126,127,128,129,130,131,132,133,134,135,136,137,138,139,140,141,142,143,144,145,146,147,148,149,150,151,152,153,154,155,156,157,158,159,160,161,162,163,164,165,166,167,168,169,170,171,172,173,174,175,176,177,178,179,180,181,182,183,184,185,186,187,188,189,190,191,192
13;39;10,11,12,13,14,15,16,79,80,81,82,83,84,85,86,87,88,117,118,119,120,121,122,123,124,125,126,127,154,155,156,157,158,159,160,161,162,163,164
14;62;50,51,52,53,54,55,56,57,58,59,60,61,62,63,64,65,66,67,68,69,70,71,72,79,80,81,82,83,84,85,86,87,88,103,104,105,106,107,108,109,110,111,112,113,114,115,116,165,166,167,168,169,170,171,172,173,174,175,176,177,178,179
15;59;10,11,12,13,14,15,16,50,51,52,53,54,55,56,57,58,59,73,74,75,76,77,78,89,90,91,92,93,94,95,96,97,98,99,100,101,102,103,104,105,106,107,108,109,110,111,112,113,114,115,116,180,181,182,183,184,185,186,187
16;85;17,18,19,20,21,22,23,24,25,26,27,28,29,30,31,32,33,34,35,36,37,38,39,40,41,42,43,44,45,46,47,48,49,50,51,52,53,54,55,56,57,58,59,60,61,62,63,64,65,66,67,68,69,70,71,72,79,80,81,82,83,84,85,86,87,88,117,118,119,120,121,122,123,124,125,126,127,128,129,130,131,132,133,134,135
17;172;0,1,2,3,4,5,6,7,8,9,10,11,12,13,14,15,16,17,18,19,20,21,22,23,24,25,26,27,28,29,30,31,32,33,34,35,36,37,38,39,40,41,42,43,44,45,46,47,48,49,50,51,52,53,54,55,56,57,58,59,73,74,75,76,77,78,79,80,81,82,83,84,85,86,87,88,89,90,91,92,93,94,95,96,97,98,99,100,101,102,103,104,105,106,107,108,109,110,111,112,113,114,115,116,117,118,119,120,121,122,123,124,125,126,127,136,137,138,139,140,141,142,143,144,145,146,147,148,149,150,151,152,153,154,155,156,157,158,159,160,161,162,163,164,165,166,167,168,169,170,171,172,173,174,175,176,177,178,179,180,181,182,183,184,185,186,187,188,189,190,191,192
18;164;0,1,2,3,4,5,6,7,8,9,10,11,12,13,14,15,16,17,18,19,20,21,22,23,24,25,26,27,28,29,30,31,32,33,34,35,36,37,38,39,40,41,42,43,44,45,46,47,48,49,60,61,62,63,64,65,66,67,68,69,70,71,72,73,74,75,76,77,78,79,80,81,82,83,84,85,86,87,88,103,104,105,106,107,108,109,110,111,112,113,114,115,116,117,118,119,120,121,122,123,124,125,126,127,128,129,130,131,132,133,134,135,136,137,138,139,140,141,142,143,144,145,146,147,148,149,150,151,152,153,154,155,156,157,158,159,160,161,162,163,164,165,166,167,168,169,170,171,172,173,174,175,176,177,178,179,180,181,182,183,184,185,186,187
19;80;10,11,12,13,14,15,16,31,32,33,34,35,36,37,38,39,40,41,50,51,52,53,54,55,56,57,58,59,79,80,81,82,83,84,85,86,87,88,103,104,105,106,107,108,109,110,111,112,113,114,115,116,117,118,119,120,121,122,123,124,125,126,127,171,172,173,174,175,176,177,178,179,180,181,182,183,184,185,186,187

[OMEGA]
0;46;0,1,4,5,7,8,10,15,16,17,22,25,28,29,31,34,35,38,39,40,46,49,51,52,53,56,57,58,60,61,66,67,69,74,75,76,78,79,80,81,87,88,90,92,93,95
1;47;1,3,4,10,11,12,13,14,22,24,26,30,32,33,36,38,39,43,47,50,52,53,54,55,56,57,59,63,65,67,70,73,76,77,78,79,80,83,84,86,87,88,90,91,92,94,96
2;70;1,2,3,4,6,9,10,11,12,13,14,18,19,20,21,22,23,24,26,27,30,32,33,36,37,38,39,41,42,43,44,45,47,48,50,52,53,54,55,56,57,59,62,63,64,65,67,68,70,71,72,73,76,77,78,79,80,82,83,84,85,86,87,88,89,90,91,92,94,96
3;69;0,1,2,4,5,6,7,8,9,10,15,16,17,18,19,20,21,22,23,25,27,28,29,31,34,35,37,38,39,40,41,42,44,45,46,48,49,51,52,53,56,57,58,60,61,62,64,66,67,68,69,71,72,74,75,76,78,79,80,81,82,85,87,88,89,90,92,93,95
4;47;1,3,4,10,11,12,13,14,22,24,26,30,32,33,36,38,39,43,47,50,52,53,54,55,56,57,59,63,65,67,70,73,76,77,78,79,80,83,84,86,87,88,90,91,92,94,96
5;69;0,1,2,4,5,6,7,8,9,10,15,16,17,18,19,20,21,22,23,25,27,28,29,31,34,35,37,38,39,40,41,42,44,45,46,48,49,51,52,53,56,57,58,60,61,62,64,66,67,68,69,71,72,74,75,76,78,79,80,81,82,85,87,88,89,90,92,93,95
6;70;1,2,3,4,6,9,10,11,12,13,14,18,19,20,21,22,23,24,26,27,30,32,33,36,37,38,39,41,42,43,44,45,47,48,50,52,53,54,55,56,57,59,62,63,64,65,67,68,70,71,72,73,76,77,78,79,80,82,83,84,85,86,87,88,89,90,91,92,94,96
7;69;0,1,2,4,5,6,7,8,9,10,15,16,17,18,19,20,21,22,23,25,27,28,29,31,34,35,37,38,39,40,41,42,44,45,46,48,49,51,52,53,56,57,58,60,61,62,64,66,67,68,69,71,72,74,75,76,78,79,80,81,82,85,87,88,89,90,92,93,95
8;97;0,1,2,3,4,5,6,7,8,9,10,11,12,13,14,15,16,17,18,19,20,21,22,23,24,25,26,27,28,29,30,31,32,33,34,35,36,37,38,39,40,41,42,43,44,45,46,47,48,49,50,51,52,53,54,55,56,57,58,59,60,61,62,63,64,65,66,67,68,69,70,71,72,73,74,75,76,77,78,79,80,81,82,83,84,85,86,87,88,89,90,91,92,93,94,95,96
9;69;0,1,2,4,5,6,7,8,9,10,15,16,17,18,19,20,21,22,23,25,27,28,29,31,34,35,37,38,39,40,41,42,44,45,46,48,49,51,52,53,56,57,58,60,61,62,64,66,67,68,69,71,72,74,75,76,78,79,80,81,82,85,87,88,89,90,92,93,95
10;69;0,1,2,4,5,6,7,8,9,10,15,16,17,18,19,20,21,22,23,25,27,28,29,31,34,35,37,38,39,40,41,42,44,45,46,48,49,51,52,53,56,57,58,60,61,62,64,66,67,68,69,71,72,74,75,76,78,79,80,81,82,85,87,88,89,90,92,93,95
11;69;0,1,2,4,5,6,7,8,9,10,15,16,17,18,19,20,21,22,23,25,27,28,29,31,34,35,37,38,39,40,41,42,44,45,46,48,49,51,52,53,56,57,58,60,61,62,64,66,67,68,69,71,72,74,75,76,78,79,80,81,82,85,87,88,89,90,92,93,95
12;97;0,1,2,3,4,5,6,7,8,9,10,11,12,13,14,15,16,17,18,19,20,21,22,23,24,25,26,27,28,29,30,31,32,33,34,35,36,37,38,39,40,41,42,43,44,45,46,47,48,49,50,51,52,53,54,55,56,57,58,59,60,61,62,63,64,65,66,67,68,69,70,71,72,73,74,75,76,77,78,79,80,81,82,83,84,85,86,87,88,89,90,91,92,93,94,95,96
13;69;0,1,2,4,5,6,7,8,9,10,15,16,17,18,19,20,21,22,23,25,27,28,29,31,34,35,37,38,39,40,41,42,44,45,46,48,49,51,52,53,56,57,58,60,61,62,64,66,67,68,69,71,72,74,75,76,78,79,80,81,82,85,87,88,89,90,92,93,95
14;97;0,1,2,3,4,5,6,7,8,9,10,11,12,13,14,15,16,17,18,19,20,21,22,23,24,25,26,27,28,29,30,31,32,33,34,35,36,37,38,39,40,41,42,43,44,45,46,47,48,49,50,51,52,53,54,55,56,57,58,59,60,61,62,63,64,65,66,67,68,69,70,71,72,73,74,75,76,77,78,79,80,81,82,83,84,85,86,87,88,89,90,91,92,93,94,95,96
15;97;0,1,2,3,4,5,6,7,8,9,10,11,12,13,14,15,16,17,18,19,20,21,22,23,24,25,26,27,28,29,30,31,32,33,34,35,36,37,38,39,40,41,42,43,44,45,46,47,48,49,50,51,52,53,54,55,56,57,58,59,60,61,62,63,64,65,66,67,68,69,70,71,72,73,74,75,76,77,78,79,80,81,82,83,84,85,86,87,88,89,90,91,92,93,94,95,96
16;69;0,1,2,4,5,6,7,8,9,10,15,16,17,18,19,20,21,22,23,25,27,28,29,31,34,35,37,38,39,40,41,42,44,45,46,48,49,51,52,53,56,57,58,60,61,62,64,66,67,68,69,71,72,74,75,76,78,79,80,81,82,85,87,88,89,90,92,93,95
17;69;0,1,2,4,5,6,7,8,9,10,15,16,17,18,19,20,21,22,23,25,27,28,29,31,34,35,37,38,39,40,41,42,44,45,46,48,49,51,52,53,56,57,58,60,61,62,64,66,67,68,69,71,72,74,75,76,78,79,80,81,82,85,87,88,89,90,92,93,95
18;97;0,1,2,3,4,5,6,7,8,9,10,11,12,13,14,15,16,17,18,19,20,21,22,23,24,25,26,27,28,29,30,31,32,33,34,35,36,37,38,39,40,41,42,43,44,45,46,47,48,49,50,51,52,53,54,55,56,57,58,59,60,61,62,63,64,65,66,67,68,69,70,71,72,73,74,75,76,77,78,79,80,81,82,83,84,85,86,87,88,89,90,91,92,93,94,95,96
19;69;0,1,2,4,5,6,7,8,9,10,15,16,17,18,19,20,21,22,23,25,27,28,29,31,34,35,37,38,39,40,41,42,44,45,46,48,49,51,52,53,56,57,58,60,61,62,64,66,67,68,69,71,72,74,75,76,78,79,80,81,82,85,87,88,89,90,92,93,95
